73,126,29,23
73,126,29,23
74,126,29,23
75,126,29,23
76,126,29,23
76,125,29,23
77,125,29,23
78,125,29,23
79,125,29,23
79,125,29,23
79,124,29,23
80,124,29,23
80,124,29,23
81,124,29,23
81,124,29,23
82,123,29,23
82,123,29,23
83,122,29,23
84,122,29,23
85,122,29,23
85,122,29,23
85,121,29,23
85,122,29,23
86,122,29,23
86,122,29,23
87,122,29,23
87,122,29,23
87,122,29,23
88,123,29,23
88,123,29,23
89,122,29,23
89,122,29,23
90,123,29,23
89,123,29,23
90,123,29,23
90,123,29,23
90,123,29,23
91,123,29,23
91,123,29,23
91,124,29,23
91,124,29,23
91,124,30,24
91,125,30,24
91,125,30,24
92,125,30,24
92,126,30,24
92,126,30,24
92,127,30,24
92,127,30,24
93,127,30,24
93,127,30,24
94,127,30,24
95,127,31,24
94,126,31,24
94,126,31,24
94,127,31,24
94,126,31,24
96,126,31,24
97,125,31,24
96,126,31,24
96,126,31,24
97,126,31,24
97,125,30,24
97,126,30,24
98,126,30,24
98,125,30,24
98,125,30,24
98,125,30,24
99,124,30,24
99,125,30,24
99,125,30,24
99,125,30,24
99,125,30,24
99,125,30,24
100,125,30,24
100,125,30,24
101,125,30,24
101,125,30,24
100,125,30,24
101,125,30,24
100,125,30,24
100,125,30,24
101,125,30,24
100,125,30,24
101,124,30,24
101,125,30,24
101,125,30,24
101,125,30,24
102,125,30,24
101,125,30,24
102,125,30,24
102,125,30,24
102,125,30,24
102,125,30,24
102,125,30,24
102,124,30,24
102,124,30,24
102,124,30,24
102,124,30,24
102,124,30,24
102,125,30,24
102,125,30,24
102,125,30,24
102,125,30,24
102,125,30,24
102,125,30,24
102,125,30,24
102,125,30,24
102,125,30,24
102,125,30,24
103,125,30,24
103,124,30,24
103,124,30,24
103,124,30,24
103,124,30,24
104,124,30,24
104,123,30,24
102,124,30,24
103,124,30,24
103,124,30,24
103,123,30,24
103,123,30,24
103,123,30,24
103,123,30,24
104,122,30,24
104,122,30,24
104,122,30,24
104,123,30,24
104,123,30,24
104,123,30,24
104,122,30,24
104,123,30,24
104,123,30,24
105,123,29,23
106,123,29,23
106,123,29,23
106,123,29,23
106,123,29,23
106,123,29,23
106,124,28,22
107,124,28,22
107,124,27,22
107,124,27,22
107,124,27,22
107,124,27,22
107,124,27,22
107,124,27,22
107,124,27,22
107,124,27,22
107,123,27,22
107,123,27,22
107,123,27,22
106,124,27,21
107,124,27,21
107,124,27,21
107,124,27,21
107,124,27,21
107,124,27,21
107,124,27,21
107,123,27,21
107,124,27,21
107,124,27,21
107,124,27,21
108,124,27,21
107,124,27,21
108,124,27,21
108,125,27,21
108,124,27,21
108,124,27,21
108,124,27,21
108,124,27,21
109,124,27,21
108,124,27,21
108,124,27,21
108,124,27,21
112,124,26,21
109,124,27,21
108,124,27,21
107,123,27,21
108,123,27,21
106,124,27,21
107,124,27,21
108,124,27,21
108,124,27,21
107,124,27,21
108,124,27,21
108,124,27,21
107,124,27,21
108,125,27,21
108,125,27,21
108,125,27,21
108,125,27,21
108,125,27,21
110,125,27,21
110,125,27,21
108,125,27,21
109,125,27,21
109,124,27,21
110,124,27,21
108,124,27,21
109,124,27,21
109,124,27,21
110,124,27,21
110,124,27,21
110,124,27,21
110,124,27,21
110,124,27,21
110,124,27,21
111,124,27,21
111,124,27,21
111,124,28,22
111,124,28,22
111,124,28,22
111,124,28,22
112,124,28,22
112,124,28,22
112,125,28,22
112,125,28,22
113,125,28,22
112,125,28,22
113,126,28,22
113,125,28,22
113,125,28,22
113,124,28,22
113,125,28,22
113,124,28,22
113,124,28,22
113,123,28,22
113,123,28,22
112,123,28,22
114,123,28,22
115,123,28,22
116,122,28,22
116,122,28,22
116,123,28,22
116,122,28,22
111,122,28,22
117,124,28,22
119,124,27,22
119,124,27,22
119,124,27,22
119,125,27,22
119,124,27,21
111,123,27,21
112,124,27,21
112,124,27,21
114,124,27,21
115,124,27,21
118,124,27,21
119,124,27,21
119,125,27,21
119,124,27,21
119,124,27,21
117,123,27,21
118,122,27,21
118,122,27,21
117,122,27,21
117,123,27,21
117,123,27,21
117,122,27,21
118,122,27,21
117,122,27,21
120,122,27,21
119,122,27,21
114,122,27,21
120,121,27,21
120,121,27,21
120,122,27,21
123,121,27,21
122,121,28,22
125,123,27,22
126,123,27,21
126,123,26,21
127,123,26,20
128,123,25,20
128,122,25,20
126,121,25,20
129,120,25,20
128,120,24,19
128,119,24,19
128,120,24,19
128,120,24,19
118,118,24,19
118,118,24,19
116,118,24,19
116,119,24,19
116,119,24,19
116,119,24,19
114,119,23,18
115,119,23,18
113,119,23,18
113,120,23,18
113,120,23,18
112,120,23,18
112,120,23,18
112,120,23,18
111,120,23,18
110,120,23,18
110,119,23,18
109,119,23,18
109,119,23,18
109,119,23,18
109,120,23,18
107,118,23,18
105,119,23,18
105,119,23,18
105,120,23,18
104,120,23,18
103,120,23,18
102,122,22,18
101,122,22,17
101,123,22,17
98,125,22,17
97,124,21,17
97,126,21,17
95,127,21,16
95,127,21,16
94,127,20,16
93,127,20,16
92,127,20,15
92,127,19,15
90,125,19,15
89,125,19,15
87,124,19,15
87,124,19,15
86,123,19,15
84,122,19,15
84,122,19,15
83,121,19,15
80,120,19,15
79,121,19,15
78,120,19,15
77,120,19,15
75,120,19,15
74,120,20,16
72,121,20,16
71,123,20,16
69,124,20,16
69,125,20,16
68,124,20,16
66,125,20,16
66,125,20,16
64,126,20,16
63,125,20,16
63,127,20,16
61,128,20,16
59,126,20,16
58,128,19,15
57,128,19,15
55,127,19,15
53,127,19,15
52,129,19,15
50,128,19,15
50,129,19,15
49,129,19,15
48,128,19,15
46,128,19,15
44,128,19,15
43,126,19,15
42,127,19,15
38,127,19,15
38,127,19,15
34,125,18,14
33,126,18,14
31,125,18,14
31,124,18,14
29,124,18,14
27,124,17,14
26,124,17,14
25,124,17,14
24,124,17,14
22,124,17,14
21,124,17,14
19,123,17,14
17,123,18,14
17,123,18,14
15,123,18,14
14,121,18,14
14,123,18,14
18,124,18,14
18,124,18,14
16,124,18,14
15,124,18,14
15,125,18,14
14,125,18,14
12,125,18,14
6,123,18,14
5,124,17,14
5,124,17,14
2,123,17,14
2,124,17,14
1,124,17,14