146,150,32,73
146,150,32,73
147,150,32,73
147,150,32,73
148,150,32,73
148,150,32,73
148,150,32,73
148,150,32,73
148,151,32,73
148,151,32,73
148,151,32,73
148,151,32,73
148,151,32,73
148,151,32,73
149,151,32,73
149,151,32,73
149,150,32,73
149,151,32,73
149,150,32,73
149,151,32,73
149,151,32,73
149,150,32,73
149,150,32,73
149,151,32,73
149,150,32,73
149,151,32,73
149,151,32,73
150,150,32,73
150,151,32,73
151,151,32,73
151,151,32,73
151,151,32,73
151,151,32,73
151,151,32,73
151,152,32,73
151,151,32,73
150,152,32,73
149,152,32,73
148,153,32,73
148,154,32,73
148,153,32,73
148,154,32,73
148,153,32,73
148,153,32,73
148,152,32,73
148,153,32,73
147,153,32,73
147,153,32,73
147,152,32,73
147,153,32,73
146,153,32,73
146,154,32,73
145,154,32,73
145,153,32,73
145,153,32,73
145,153,32,73
145,153,32,73
145,154,32,73
145,154,32,73
145,154,32,73
145,154,32,73
145,154,32,73
145,154,32,73
146,154,32,73
146,155,32,73
146,155,32,73
147,154,32,73
147,155,32,73
147,154,32,73
147,155,32,73
147,154,32,73
147,155,32,73
147,154,32,73
147,154,32,73
147,155,32,73
147,154,32,73
147,154,32,73
147,154,32,73
147,154,32,73
147,154,32,73
147,154,32,73
147,154,32,73
147,154,32,73
147,153,32,73
147,153,32,73
148,153,32,73
148,153,32,73
148,153,32,73
149,153,32,73
149,153,32,73
149,153,32,73
149,153,32,73
149,154,32,73
150,154,32,73
150,154,32,73
150,155,32,73
150,155,32,73
151,156,32,73
151,156,32,73
151,156,32,73
152,156,32,73
152,156,32,73
152,156,32,73
152,155,32,73
152,155,32,73
152,155,32,73
152,155,32,73
152,155,32,73
152,154,32,73
152,154,32,73
153,155,32,73
153,155,32,73
153,155,32,73
153,155,32,73
153,155,32,73
153,155,32,73
154,155,32,73
154,155,32,73
155,155,32,73
155,154,32,73
155,154,32,73
155,155,32,73
155,155,32,73
155,154,32,73
155,155,32,73
155,154,32,73
155,154,32,73
155,154,32,73
154,154,32,73
154,153,32,73
154,154,32,73
154,153,32,73
154,154,32,73
154,154,32,73
154,153,32,73
154,153,32,73
154,152,32,73
154,152,32,73
154,152,32,73
154,152,32,73
154,153,32,73
154,152,32,73
153,152,32,73
153,152,32,73
153,152,32,73
152,152,32,73
152,152,32,73
152,152,32,73
152,152,32,73
151,152,32,73
151,152,32,73
150,152,32,73
150,152,32,73
150,152,32,73
150,151,32,73
150,152,32,73
150,152,32,73
150,152,32,73
150,152,32,73
149,152,32,73
148,152,32,73
148,152,32,73
148,152,32,73
148,152,32,73
148,152,32,73
147,152,32,73
147,153,32,73
147,153,32,73
147,153,32,73
147,152,32,73
147,152,32,73
147,152,32,73
147,153,32,73
147,153,32,73
147,152,32,73
147,152,32,73
147,152,32,73
147,152,32,73
147,152,32,73
147,152,32,73
147,151,32,73
147,151,32,73
147,152,32,73
147,151,32,73
147,152,32,73
148,151,32,73
148,151,32,73
150,151,32,73
152,150,32,73
154,150,32,73
156,149,32,73
159,148,32,73
162,148,32,73
165,147,32,73
167,147,32,73
169,145,32,73
171,144,32,73
172,143,32,73
173,143,32,73
173,142,32,73
172,141,32,73
169,140,32,73
167,139,32,73
163,139,32,73
159,139,32,73
154,138,32,73
150,138,32,73
146,138,32,73
142,137,32,74
136,138,33,75
130,137,33,75
125,136,33,75
120,136,33,75
116,136,33,75
115,136,33,75
111,137,33,75
111,138,33,75
109,142,33,76
107,142,33,76
106,144,33,76
106,145,33,76
106,148,33,76
106,149,33,76
105,151,33,76
106,153,33,76
106,154,33,76
108,157,32,74
108,159,32,74
111,160,32,73
112,161,31,72
112,162,31,71
114,164,30,70
114,165,30,68
114,166,30,68
113,166,30,68
111,167,30,68
110,167,30,68
108,166,30,68
108,166,30,68
106,166,30,68
103,166,30,68
102,166,30,68
100,166,30,68
97,166,30,68
95,166,30,68
91,165,30,70
89,164,30,70
86,163,30,70
81,161,30,70
79,160,31,71
74,159,31,71
72,157,31,72
68,156,31,72
66,153,31,72
63,153,31,72
62,151,31,72
59,150,31,72
59,149,31,72
57,147,31,72
56,147,31,72
56,146,31,72
55,145,31,72
55,145,31,72
55,145,31,72
55,145,31,72
57,145,32,73
58,145,32,75
60,144,33,76
64,143,34,77
68,142,34,79
72,141,35,80
78,141,35,80
82,141,35,82
87,141,35,82
92,141,35,82
96,141,35,82
101,140,35,82
107,140,35,82
110,140,35,82
115,141,35,82
119,140,35,82
121,141,35,82
127,141,35,82
128,142,35,82
133,142,35,82
134,143,35,82
137,144,36,83
138,144,36,83
141,144,36,83
143,144,36,83
144,145,36,83
145,145,36,83
146,146,36,83
147,147,36,83
148,147,36,83
148,148,36,83
149,149,36,83
150,150,35,82
151,152,35,80
151,154,34,79
151,155,34,79
150,156,34,79
150,158,34,79
149,159,34,79
145,161,34,79
145,162,34,79
142,163,34,79
138,165,34,78
133,167,33,76
132,167,33,76
127,169,33,75
126,171,32,74
122,172,31,72
121,172,31,72
119,170,31,72
115,170,31,72
111,169,31,72
108,169,31,72
103,170,31,72
100,170,31,72
98,169,31,72
93,168,31,72
90,167,31,72
87,166,32,73
85,165,32,73
81,165,32,73
79,164,32,73
75,162,32,73
72,161,32,73
70,160,32,73
68,159,32,73
65,157,31,72
65,157,31,72
63,154,31,72
64,153,31,71
64,151,30,69
64,151,30,69
65,148,30,69
68,148,30,69
71,148,30,69
73,145,31,71
76,144,31,71
80,143,31,71
83,141,31,71
87,140,31,72
91,138,32,73
96,137,32,74
102,135,33,76
108,135,33,76
113,134,33,76
118,133,33,76
124,132,33,76
131,132,33,76
137,132,34,77
144,131,34,79
150,131,34,79
157,131,34,79
163,131,34,79
168,131,34,79
175,131,34,79
182,131,34,79
189,131,34,79
195,131,34,79
202,131,34,79
208,131,34,79
212,131,34,79
216,132,34,79
221,134,34,79
224,135,34,79
226,137,34,79
227,138,34,79
228,139,34,79
229,140,34,79
230,143,34,77
230,147,34,77
227,147,34,77
223,148,34,77
220,150,34,77
214,150,34,77
209,151,34,77
204,152,34,77
198,154,34,77
192,155,34,77
186,156,34,77
180,157,34,77
174,159,34,77
168,159,34,77
163,161,34,77
157,162,34,77
150,161,34,78
144,161,34,78
136,161,34,78
128,161,34,78
121,161,34,78
115,160,34,78
109,159,34,77
105,159,34,77
102,157,34,77
97,155,34,77
94,151,34,77
88,147,34,77
85,142,33,76
82,139,32,75
80,138,32,75
80,133,32,75
80,130,32,75
82,126,32,75
85,124,32,75
88,120,32,75
95,118,32,75
97,116,33,76
103,111,33,76
109,109,33,76
115,105,33,76
117,103,33,76
124,98,33,76
129,96,33,76
132,92,33,76
137,90,33,76
139,88,33,76
144,83,33,76
145,82,33,76
150,77,33,76
151,75,33,76
153,73,33,76
154,69,33,76
155,67,33,76
156,64,33,76
156,62,34,77
154,57,34,77
152,57,34,77
151,53,34,77
146,53,34,77
145,50,34,77
140,50,34,77
139,49,34,77
135,49,34,77
132,49,34,77
128,51,34,77
127,52,34,77
121,53,34,79
117,56,34,79
113,59,34,79
112,63,34,79
108,66,34,79
105,71,35,80
102,75,35,81
99,77,36,83
97,80,37,84
95,82,37,84
93,86,37,84
93,90,37,84
92,93,37,84
92,96,37,84
92,101,37,84
92,105,37,84
92,108,37,84
93,114,37,84
93,118,37,84
93,124,37,84
93,127,37,84
94,130,37,86
96,135,37,86
97,139,37,86
102,141,37,84
103,142,36,83
104,144,35,82
106,146,35,80
107,148,34,79
107,151,34,78
108,153,33,76
108,156,33,75
110,157,32,74
110,158,32,74
110,159,32,74
111,160,31,72
111,161,31,72
111,163,31,72
111,163,31,72
111,163,31,71
111,163,31,71
111,163,31,71
111,164,31,71
111,164,31,71
111,165,31,71
111,164,31,71
111,164,31,71
111,164,31,71
111,163,31,71
111,162,31,71
110,162,31,71
109,162,31,71
108,160,31,71
107,160,31,71
106,159,31,71
106,158,31,71
105,157,31,71
105,155,32,73
104,154,32,74
104,153,32,74
103,152,33,75
102,149,33,75
101,148,33,75
101,146,33,75
100,143,33,75
99,141,33,76
99,137,34,78
98,135,34,78
96,132,34,78
96,128,34,79
94,125,34,79
94,123,34,79
95,121,35,81
95,118,36,82
97,116,36,83
103,114,37,85
105,111,38,86
112,111,38,86
118,110,38,86
126,111,38,86
133,112,38,86
142,114,38,88
150,117,39,89
158,119,39,89
164,119,39,89
171,118,39,89
177,120,40,91
181,121,40,91
186,124,40,91
188,126,40,91
189,127,40,91
190,128,40,91
191,130,40,91
191,132,40,91
191,134,40,91
191,135,40,91
190,136,40,91
188,137,40,91
185,139,40,91
184,142,40,91
181,145,40,91
177,146,40,91
174,150,40,91
169,152,40,91
167,155,40,91
165,157,40,91
162,160,40,91
157,163,40,91
158,164,39,90
158,164,38,88
152,170,38,87
149,172,37,85
148,177,37,85
146,177,36,84
146,177,36,82
145,178,35,81
143,180,35,80
138,181,35,80
136,179,35,80
130,179,34,78
128,179,34,78
123,179,33,77
123,180,33,77
119,182,33,76
119,181,33,76
119,180,33,76
116,180,33,76
116,180,33,76
116,180,33,76
117,181,32,74
121,181,32,74
122,181,32,74
123,181,32,74
126,182,32,74
128,182,32,74
130,184,32,73
133,185,31,72
137,189,31,71
138,190,30,70
140,190,30,69
143,190,30,70
148,190,30,70
152,189,31,71
157,189,31,72
160,187,32,73
164,187,32,73
168,187,32,73
173,188,32,73
176,188,32,73
179,186,32,73
182,184,32,73
183,182,32,73
187,177,32,73
187,174,32,73
188,172,32,73
189,171,32,73
188,169,32,73
187,168,32,73
186,166,32,73
186,164,32,73
186,163,32,73
184,161,32,74
183,160,32,74
181,160,32,74
177,159,32,74
174,159,32,74
171,160,32,74
167,160,33,76
165,160,33,76
159,161,34,77
154,162,34,77
150,163,34,77
146,165,34,77
145,166,34,77
144,167,34,77
143,171,34,77
143,173,34,77
143,175,33,76
145,178,33,76
147,181,32,75
149,184,32,73
149,185,32,73
150,187,31,72
152,187,31,72
153,188,31,72
155,188,31,72
159,187,31,72
161,187,31,72
164,187,31,72
165,187,32,73
168,188,32,73
170,188,32,73
172,188,32,73
175,187,32,73
178,187,32,73
181,187,32,73
182,185,32,73
188,185,32,73
190,185,32,73
194,184,32,73
197,183,32,73
199,182,32,73
202,180,32,73
204,178,32,73
209,177,32,73
211,176,32,73
213,175,32,73
216,173,32,73
222,170,32,73
222,168,32,73
224,168,32,73
225,167,32,73
226,166,32,73
228,165,32,75
229,163,33,76
231,161,33,76
232,161,33,76
233,161,33,76
235,160,33,76
235,159,34,77
238,155,34,77
240,154,34,77
240,153,34,77
242,151,34,77
242,149,34,77
243,148,34,77
243,147,34,77
243,145,34,77
243,143,34,77
243,142,34,77
243,141,34,77
242,140,33,76
240,140,33,76
238,140,33,76
235,139,33,76
232,138,33,76
229,137,33,76
224,135,33,76
223,135,33,76
218,134,33,76
213,132,33,76
207,130,34,77
202,130,34,79
196,129,34,79
191,128,34,79
187,129,35,80
180,129,35,82
173,129,35,82
166,129,36,83
164,127,37,84
159,127,37,86
155,125,38,87
148,125,39,89
142,125,39,89
135,124,39,89
133,125,39,89
128,124,39,89
125,123,39,89
123,123,39,89
121,123,39,89
120,124,38,88
119,124,38,88
117,124,38,88
115,125,38,88
115,126,38,88
115,128,38,87
115,129,38,87
116,131,37,85
116,134,37,85
118,136,36,84
119,138,36,82
121,141,36,82
122,143,36,82
126,146,35,81
128,149,35,81
132,153,35,80
133,156,34,78
138,159,34,78
140,160,34,78
143,163,34,78
144,164,34,78
147,164,34,78
150,164,34,78
152,165,34,78
155,164,34,78
157,163,34,78
159,161,34,78
161,159,34,78
164,155,34,78
165,152,34,78
169,148,34,78
170,144,34,78
172,141,34,78
174,135,34,78
175,130,34,78
177,124,34,78
177,119,34,78
178,113,34,78
179,109,34,78
180,103,34,78
180,96,34,78
180,92,34,78
180,86,34,78
179,81,34,78
178,76,34,78
174,72,34,78
173,67,34,78
170,64,34,78
168,60,34,78
165,58,34,78
160,56,34,78
156,55,34,78
152,55,34,78
148,55,34,78
144,56,34,78
139,57,34,78
134,57,34,78
129,59,34,78
125,62,34,78
121,64,34,78
116,65,34,78
113,69,34,78
111,73,35,80
107,75,35,81
105,80,36,83
102,85,37,84
102,87,37,84
101,93,37,86
100,97,38,87
100,100,39,89
100,105,39,90
101,109,39,90
101,114,39,90
101,120,39,90
102,124,39,90
102,131,39,90
103,134,39,90
105,138,39,90
106,142,39,90
107,144,39,90
110,147,39,90
111,151,39,90
116,155,39,90
118,159,39,90
122,163,39,90
125,166,39,90
131,168,39,90
133,172,39,89
140,175,38,87
143,177,38,87
146,179,38,87
151,180,38,87
153,181,38,87
158,181,38,87
162,181,38,87
168,181,38,87
170,180,38,87
174,179,38,87
176,178,37,86
179,177,37,84
181,176,36,83
183,174,36,83
188,171,35,81
189,170,35,81
190,166,35,81
190,161,35,81
191,159,35,81
191,156,35,81
191,155,35,81
191,151,35,81
190,150,35,81
191,144,35,81
191,140,35,81
191,137,35,81
192,133,35,81
192,128,35,81
192,125,35,81
192,121,35,81
186,118,35,81
184,115,35,81
179,113,35,81
177,110,35,81
172,109,35,81
171,108,36,83
166,109,36,83
166,111,36,83
164,114,37,84
162,118,37,86
160,123,38,87
159,129,38,87
158,133,38,87
157,136,38,87
157,137,38,87
156,135,38,87
155,130,39,89
155,123,39,89
155,115,39,89
155,107,39,90
155,102,40,92
155,97,40,92
151,96,40,92
149,96,40,92
144,98,40,92
140,102,40,92
138,106,40,92
134,111,40,92
132,116,40,92
130,122,40,92
129,123,40,92
129,125,40,92
129,125,40,92
129,123,40,92
129,120,40,92
129,114,40,92
129,108,40,92
129,102,40,92
128,98,40,92
128,95,40,92
127,93,40,92
126,92,40,92
125,92,40,92
125,95,40,93
125,100,40,93
125,106,40,93
126,112,40,93
129,117,40,93
132,121,40,93
138,123,40,93
140,123,41,95
143,122,42,96
148,119,43,98
149,114,43,100
152,105,44,101
153,97,45,103
158,89,45,103
159,81,45,103
161,74,45,103
161,70,46,105
162,67,47,107
162,65,47,109
161,65,48,111
159,66,48,111
158,70,49,113
158,76,49,113
157,81,50,115
156,85,51,117
157,88,51,117
158,90,51,117
160,91,51,117
161,89,52,119
163,84,52,119
164,80,52,119
165,72,53,121
166,65,54,123
165,60,54,123
165,57,54,123
162,56,55,125
157,57,55,125
157,59,55,127
156,64,56,129
156,73,56,129
156,82,56,129
157,90,56,129
157,95,57,132
159,98,57,132
159,100,57,132
162,96,57,132
163,89,58,134
164,82,58,134
165,76,58,134
164,69,60,136
162,60,60,136
157,56,60,136
155,52,60,136
151,50,60,136
149,48,61,139
145,49,61,139
144,52,62,141
144,55,63,144
143,61,64,146
142,66,65,149
143,68,66,152
144,71,66,152
145,74,66,152
147,77,66,152
148,78,67,154
151,80,67,154
155,80,67,154
161,79,67,154
165,78,67,154
171,75,67,154
177,72,67,154
186,68,66,152
197,65,65,149
205,63,65,149
214,59,64,147
218,57,64,147
225,57,64,147
230,57,63,144
231,58,63,144
233,59,63,144
233,63,62,142
232,66,62,142
227,69,61,139
226,73,60,137
217,76,60,137
215,82,59,135
207,84,58,134
201,87,58,134
192,91,58,134
183,96,57,131
181,99,57,131
171,104,57,131
165,107,57,131
158,113,56,129
154,118,55,127
153,123,54,125
151,128,54,123
148,131,54,123
147,133,53,121
147,140,52,119
148,141,52,119
149,144,52,119
150,147,51,117
153,149,50,115
156,151,49,113
160,153,48,111
163,154,48,109
164,154,48,109
168,154,47,107
171,152,47,107
175,151,47,107
177,148,46,105
183,146,45,104
184,143,45,104
185,140,45,104
186,136,44,102
187,133,44,100
188,132,43,99
188,128,43,99
188,124,43,99
187,119,43,99
184,116,43,99
178,112,43,99
176,109,43,99
171,105,43,99
167,103,43,99
163,101,43,99
161,100,43,99
156,100,43,99
155,101,43,99
151,101,43,99
150,102,43,99
148,103,43,99
147,104,43,99
146,106,43,99
146,107,43,99
146,108,43,99
147,110,43,98
148,113,43,98
149,115,43,98
151,116,43,98
153,117,43,98
155,118,43,98
158,120,43,98
162,121,42,96
165,123,42,96
168,124,42,96
175,125,42,96
180,126,42,96
187,128,41,94
190,127,41,94
198,127,40,93
203,127,40,93
209,127,40,93
215,127,40,93
222,126,40,93
225,124,40,91
232,123,40,91
235,123,39,90
238,123,38,88
240,124,38,87
240,124,37,85
242,125,36,84
241,125,36,82
240,127,35,81
237,127,35,81
232,127,35,81
228,127,35,81
223,127,35,81
217,126,35,81
211,126,36,82
204,125,36,82
198,125,36,82
192,126,36,82
184,126,36,82
179,126,36,82
175,126,36,82
170,126,36,82
164,127,37,84
157,127,37,84
150,127,37,84
143,128,37,84
137,130,37,84
133,132,37,84
129,133,37,84
125,134,37,84
121,136,37,84
120,139,36,83
115,141,36,83
113,143,36,83
112,145,35,81
110,148,35,81
108,150,35,80
107,152,34,78
106,155,34,78
107,156,34,78
107,158,34,78
109,158,34,78
112,161,34,78
113,162,34,78
118,164,34,77
120,165,33,76
125,167,32,75
128,168,32,73
133,169,32,73
138,170,32,73
143,173,32,73
149,174,31,72
155,175,31,72
160,176,31,72
166,176,31,72
173,176,31,72
176,176,31,72
181,176,31,72
186,176,31,71
191,175,31,71
196,174,32,73
201,172,32,73
209,171,31,71
215,171,31,70
221,170,31,70
227,170,31,70
232,166,30,69
240,166,30,69
247,166,30,69
252,166,31,70
254,163,31,72
259,161,31,72
262,158,31,72
265,157,31,72
270,156,31,72
270,155,31,72
273,154,31,70
274,152,31,70
276,150,31,70
276,149,31,70
276,147,31,70
276,145,31,70
275,144,31,70
275,141,31,72
271,138,31,72
269,138,31,72
268,136,32,73
264,136,32,73
262,135,32,73
257,134,32,74
252,134,32,74
248,134,33,75
245,134,33,75
241,133,33,75
237,132,33,75
231,132,33,77
225,133,33,77
220,133,33,77
214,134,33,77
207,135,33,77
202,136,33,77
196,136,33,77
190,136,33,77
185,137,33,77
181,137,33,77
176,136,34,78
171,135,35,80
166,135,35,80
161,136,35,81
156,136,35,81
151,137,36,82
145,139,36,82
143,139,36,82
139,140,36,82
137,141,36,82
134,142,36,82
133,144,36,82
132,145,36,82
131,149,35,81
131,152,35,80
130,153,34,78
129,158,33,77
129,160,33,76
129,162,32,74
130,165,32,74
130,166,32,74
131,167,32,74
134,169,32,74
136,170,32,74
139,171,32,74
142,171,32,74
146,171,32,74
151,171,32,74
156,171,32,74
161,172,32,74
167,172,33,75
171,172,33,75
175,172,33,75
176,172,33,75
180,171,33,75
184,170,33,75
187,169,32,74
189,167,32,74
191,165,32,73
194,164,31,72
195,162,31,72
198,161,31,71
201,159,31,71
202,155,31,71
204,152,31,71
207,150,31,71
210,146,31,71
211,142,31,71
214,139,31,71
215,134,31,71
216,129,31,71
217,125,31,71
217,120,31,71
217,116,31,71
216,111,31,71
215,105,31,71
214,100,31,71
213,96,31,71
210,92,31,71
209,88,31,71
205,84,31,71
202,79,31,71
198,75,31,71
194,73,31,71
189,71,31,72
184,70,31,72
178,69,32,73
174,69,32,75
168,69,33,76
162,70,34,77
155,72,34,77
149,76,34,77
142,82,34,77
136,87,34,77
132,92,34,77
126,98,34,77
124,105,34,79
118,111,34,79
115,116,34,79
114,121,34,79
110,127,34,79
110,131,34,79
109,136,34,79
108,142,34,79
108,147,34,79
108,152,34,79
109,155,34,79
110,159,34,79
113,161,34,79
114,163,34,79
117,165,34,79
123,168,34,77
124,169,33,76
126,171,33,76
129,172,33,76
133,173,33,76
137,174,32,75
140,175,32,73
142,176,31,72
145,177,31,71
150,180,31,71
155,179,31,71
157,180,31,71
159,180,30,70
162,182,30,69
172,184,30,69
173,185,30,70
174,185,31,71
174,185,31,72
175,183,32,74
175,182,33,75
174,182,33,76
174,180,34,78
173,177,34,78
172,175,34,79
171,172,35,80
169,168,36,82
168,164,36,83
168,158,37,85
167,153,37,86
167,148,38,88
167,143,38,88
168,140,38,88
168,135,38,88
168,129,39,89
169,124,39,89
169,120,40,91
168,114,40,92
169,108,41,94
169,105,41,94
169,101,41,94
170,99,41,94
170,96,41,94
171,94,41,94
171,93,41,94
172,91,41,94
172,91,41,94
173,91,41,94
173,91,41,94
173,92,41,94
173,92,41,94
173,93,41,94
173,94,41,94
173,96,41,94
173,97,41,94
172,97,41,94
172,98,41,94
171,99,41,94
170,101,41,94
169,103,41,94
168,105,41,94
166,107,41,94
166,108,41,94
164,112,41,94
164,113,41,94
162,116,41,94
162,118,41,94
162,121,41,94
161,123,41,94
161,127,41,94
160,128,41,94
159,130,41,94
159,133,41,94
159,136,41,94
159,137,41,94
159,139,41,94
160,141,41,94
160,143,41,94
161,145,41,94
162,148,41,94
162,149,41,94
163,151,40,92
164,152,40,92
164,153,40,92
166,154,40,92
168,156,40,91
169,156,40,91
170,155,40,91
171,155,40,91
173,155,40,91
174,154,40,91
176,153,40,91
178,153,40,91
180,152,39,89
183,151,39,89
187,150,39,89
189,148,39,89
191,146,39,89
197,144,39,89
199,143,39,89
204,141,39,89
206,139,39,89
210,138,39,89
212,138,39,89
217,136,39,89
219,137,38,88
222,136,38,88
226,135,38,88
229,135,38,88
233,135,38,88
238,135,38,88
240,134,38,88
241,133,38,88
242,133,38,88
244,132,38,88
246,132,38,86
248,133,37,85
249,132,37,85
249,132,37,85
249,133,36,84
247,134,36,84
247,133,36,84
245,134,36,84
243,134,36,84
239,134,36,84
239,134,36,82
236,135,36,82
233,135,36,82
232,135,36,82
230,135,36,82
225,138,36,82
223,139,36,82
219,140,36,82
216,142,36,82
211,143,36,82
208,144,36,82
202,144,36,82
201,145,36,82
194,146,36,82
190,147,36,82
187,147,36,82
184,147,36,82
181,147,36,82
180,148,35,81
178,149,35,81
173,150,35,81
172,151,35,81
167,152,35,81
166,152,35,81
162,152,35,81
161,152,35,81
158,152,35,81
153,152,35,81
152,152,35,81
147,152,35,79
146,152,35,79
143,151,35,79
142,152,35,79
141,152,35,79
140,152,35,79
139,151,35,79
138,151,35,79
137,151,35,79
136,151,35,79
135,151,35,79
134,151,35,79
133,152,35,79
132,151,35,79
132,151,35,79
132,150,35,79
133,149,35,79
135,148,35,79
138,147,35,79
140,147,35,79
142,146,35,79
146,145,35,81
149,145,35,81
156,145,35,81
162,144,36,82
169,143,36,84
173,142,37,85
177,141,38,87
181,139,38,87
187,138,38,87
190,138,38,87
194,136,38,87
201,134,38,87
206,134,38,87
210,133,38,87
218,131,38,87
220,131,38,88
227,129,38,88
230,127,39,90
236,125,39,90
241,125,40,91
245,126,40,91
248,126,40,91
251,127,40,91
253,126,40,91
257,126,40,91
260,126,40,91
260,126,40,91
261,126,40,91
263,125,40,91
263,124,40,91
263,124,40,91
262,120,40,91
260,119,40,91
259,117,40,93
255,115,41,95
251,112,42,95
245,111,42,95
237,110,42,95
233,108,42,95
228,107,42,95
221,108,42,95
215,108,42,97
209,107,43,99
201,106,44,101
193,106,45,102
187,106,45,102
179,107,45,102
175,108,45,102
170,108,45,102
163,108,45,104
159,108,45,104
152,108,45,104
144,109,45,104
137,109,45,104
130,111,45,102
128,111,45,102
124,114,44,101
119,116,43,99
117,117,42,97
114,119,42,96
110,120,41,94
108,121,40,93
106,123,40,91
105,124,40,91
103,125,40,91
104,126,40,91
104,127,40,91
107,129,39,89
109,131,38,88
112,133,38,88
115,135,38,88
117,137,38,88
118,138,38,88
120,140,38,88
120,143,38,86
121,145,37,85
121,148,37,85
119,151,37,85
117,152,37,85
115,153,37,85
112,154,37,85
108,155,37,85
105,156,37,85
103,157,37,85
100,157,37,85
100,157,36,84
100,158,36,84
100,158,36,84
100,158,36,84
101,159,36,84
104,160,36,84
109,160,36,84
110,162,36,84
115,163,36,84
120,165,36,82
124,166,36,82
131,169,35,81
136,170,35,79
142,172,35,79
147,174,34,78
153,174,34,78
159,175,34,78
166,176,34,78
173,176,34,78
179,177,34,78
184,176,34,78
190,176,34,78
196,175,33,77
201,174,33,77
205,172,33,77
211,169,33,77
215,167,33,77
221,163,33,77
226,160,33,77
229,159,33,77
234,156,33,75
240,153,33,75
246,152,33,77
251,148,33,77
252,145,33,77
255,142,33,77
255,139,33,77
256,136,33,77
256,133,33,77
255,131,33,77
254,129,33,77
251,127,33,77
248,125,33,77
245,123,33,77
241,120,34,78
235,119,35,80
231,118,35,81
225,116,36,82
219,117,36,84
213,117,36,84
207,118,36,84
200,120,36,84
192,122,37,85
187,124,37,85
182,126,37,85
181,129,37,85
176,130,37,85
174,133,37,85
172,136,37,85
172,138,37,85
172,142,37,85
172,146,37,85
172,150,37,85
173,152,37,85
175,157,37,85
177,161,37,85
180,164,37,85
186,167,37,84
187,168,37,84
193,170,36,83
195,172,35,81
196,173,35,81
198,172,35,81
200,172,35,81
201,169,35,81
202,166,35,81
203,161,35,81
203,157,35,81
203,154,35,81
203,149,35,81
203,143,35,81
204,140,35,81
204,135,35,81
204,130,35,81
204,123,35,81
204,118,35,81
203,113,35,81
202,109,36,83
201,103,36,83
198,99,36,83
197,96,37,84
194,92,37,84
190,89,37,84
188,85,37,85
181,81,37,85
175,80,38,87
169,77,38,87
164,76,39,89
158,73,39,90
151,72,40,92
144,70,41,93
137,70,41,95
130,70,41,95
124,70,42,96
118,70,42,97
112,69,42,97
106,69,43,99
99,68,44,101
92,69,45,103
86,69,46,105
79,72,46,105
75,75,46,105
72,77,46,105
68,83,46,105
65,87,46,105
63,92,46,105
62,96,46,105
61,101,46,105
61,103,46,105
63,107,46,105
68,110,46,106
74,114,46,106
79,120,46,106
88,125,46,106
96,127,47,108
105,129,47,108
112,131,47,108
121,134,46,106
133,138,46,105
143,139,45,103
154,142,45,103
164,144,45,103
173,146,45,103
183,148,45,103
193,149,45,103
203,151,45,103
212,151,45,103
223,153,45,103
232,154,44,101
237,155,44,101
242,155,44,101
244,155,44,100
246,156,43,99
245,156,43,99
242,155,42,97
235,155,42,97
231,155,42,97
226,154,42,97
219,153,42,97
210,152,42,97
203,150,42,97
196,150,42,97
189,149,42,97
181,149,42,97
175,149,42,97
168,148,42,97
162,148,42,97
156,149,42,97
154,150,42,97
148,151,42,97
145,154,42,95
143,160,41,94
142,165,40,93
142,170,40,93
142,173,40,93
143,179,40,92
144,182,40,92
147,186,40,92
167,143,40,92
169,143,40,92
172,144,41,94
175,146,41,94
179,148,40,92
185,150,39,91
191,206,39,89
197,204,38,88
202,203,37,86
207,201,37,86
214,199,37,85
221,198,37,84
224,195,36,83
230,194,35,81
238,189,35,80
244,187,34,79
246,183,34,79
249,180,34,77
252,176,33,76
254,174,33,76
255,171,33,76
255,168,33,76
255,163,32,75
255,160,32,75
255,157,32,75
255,153,32,75
255,151,32,75
255,146,32,75
255,142,33,76
254,136,33,76
253,133,33,76
252,129,33,76
250,127,34,77
246,124,34,79
241,120,34,79
239,116,34,79
235,114,35,80
232,112,35,81
226,110,36,83
222,106,37,84
215,105,37,86
209,101,37,86
203,100,37,86
198,101,37,86
194,101,38,87
188,100,39,89
182,100,39,89
180,100,39,89
176,101,39,89
171,103,39,89
169,104,39,90
163,107,39,90
162,109,40,92
158,112,40,92
157,117,40,92
155,121,40,92
156,124,39,91
155,127,39,91
154,132,39,91
153,134,39,91
152,137,39,91
152,139,39,91
152,142,39,89
153,145,38,88
153,148,38,88
153,150,37,86
153,154,37,86
153,156,37,86
153,159,37,85
153,162,37,85
154,166,37,85
156,170,36,83
161,176,36,82
178,140,36,82
186,141,35,80
188,147,34,79
185,148,35,80
179,149,35,80
175,150,35,80
187,196,34,79
190,197,34,78
196,198,34,78
201,197,34,78
206,195,33,76
207,194,34,78
209,188,33,77
210,182,33,77
212,175,33,77
213,168,33,77
213,160,33,77
210,152,34,78
208,145,34,78
205,140,34,78
202,134,34,78
197,129,34,78
191,123,34,78
186,118,34,78
182,114,34,79
176,111,35,81
169,108,36,82
160,107,36,82
152,108,36,82
144,108,36,82
137,110,36,82
129,112,36,82
122,116,36,82
116,117,36,82
111,121,36,82
106,124,36,82
101,126,36,82
100,129,36,82
97,132,36,82
97,134,36,82
96,137,36,82
96,140,36,82
97,143,36,82
97,145,36,82
99,148,36,82
101,149,36,82
106,150,36,82
106,152,36,82
111,153,36,82
116,154,36,82
121,155,36,82
126,157,35,81
132,158,34,79
135,159,34,79
140,160,34,79
144,160,34,79
150,161,34,79
157,161,34,79
164,161,35,81
171,163,35,81
177,163,35,81
184,164,35,81
191,166,35,79
197,167,35,81
203,167,35,81
211,166,35,79
217,166,35,79
222,164,34,78
224,164,34,78
228,164,34,78
234,163,34,78
241,162,34,78
242,161,34,77
244,160,33,76
245,161,33,76
246,159,33,75
246,159,33,75
247,159,33,75
249,158,33,75
250,158,33,76
250,156,33,76
250,155,33,76
250,153,33,76
250,152,33,76
249,150,33,76
249,147,33,76
249,146,33,76
248,145,33,76
247,143,33,76
247,142,33,76
247,140,33,76
245,139,34,78
245,137,34,78
241,136,34,78
239,136,34,78
233,135,34,78
229,133,34,79
226,132,35,80
220,131,36,82
215,130,36,83
211,129,37,85
208,127,37,86
203,126,38,88
197,125,39,89
192,124,39,91
186,124,40,92
180,124,40,92
174,124,40,92
172,126,40,92
167,126,40,92
165,126,41,94
160,126,42,96
154,126,42,97
151,126,43,99
146,127,43,99
144,128,43,99
141,128,43,99
138,129,43,99
136,131,43,99
134,132,43,99
131,133,43,99
129,135,42,97
128,138,42,96
128,143,41,94
127,148,40,93
128,154,40,91
128,159,40,91
129,162,40,91
134,167,39,89
135,171,38,88
140,174,38,86
142,178,38,86
148,179,37,86
150,181,37,84
156,181,37,84
157,181,37,84
162,180,37,84
166,179,37,84
172,177,37,84
176,176,37,84
180,174,36,83
185,170,36,83
189,164,36,83
191,159,36,83
194,155,36,83
197,151,36,83
197,146,36,83
198,144,36,83
199,141,36,83
199,136,36,83
199,133,36,83
199,130,36,83
198,127,36,83
196,124,37,84
191,122,37,86
185,121,37,86
180,121,37,86
173,121,37,86
168,121,38,87
161,120,39,89
152,119,39,90
141,119,39,90
133,118,39,90
125,118,39,90
119,118,39,90
112,117,39,90
105,116,39,90
100,116,39,90
93,116,39,90
86,116,40,92
80,115,40,92
77,114,41,94
73,113,41,94
70,112,41,94
70,110,41,94
69,108,42,95
70,103,42,95
72,102,42,95
76,101,42,97
83,99,42,97
87,97,43,99
94,96,43,99
102,96,43,99
110,98,43,99
118,99,43,99
128,100,43,99
138,102,44,100
150,103,45,102
160,104,45,104
171,107,45,104
181,109,45,104
190,111,45,104
198,113,46,106
201,116,46,106
202,120,46,106
202,124,46,106
202,126,46,106
201,129,46,106
196,132,46,106
192,134,46,106
186,136,46,106
184,136,46,106
176,136,46,106
170,136,46,106
166,136,46,106
160,134,46,106
153,131,46,106
150,129,47,108
143,125,47,109
136,122,48,110
133,118,49,112
129,114,50,114
126,108,50,114
125,103,50,116
124,99,50,116
123,94,51,118
122,91,52,120
122,88,53,122
122,85,53,122
124,81,53,122
125,78,54,124
126,76,55,126
129,71,56,128
130,67,56,128
132,65,57,131
135,62,57,131
138,60,58,133
145,57,58,133
147,57,58,133
155,57,58,133
158,57,58,133
166,56,59,135
172,57,59,135
180,59,59,135
188,61,59,135
192,62,59,135
201,65,59,135
207,66,59,135
214,69,59,135
220,72,59,135
222,75,59,135
224,80,59,135
226,82,59,135
227,86,59,135
228,89,59,134
229,93,58,132
228,97,57,130
224,101,57,130
216,104,56,129
213,107,56,129
206,109,56,129
197,111,56,129
190,112,56,129
182,113,56,129
173,115,56,129
167,120,55,126
159,122,54,124
154,122,54,124
148,122,54,124
142,123,54,124
134,123,53,122
127,125,52,120
121,126,52,118
118,128,51,116
111,129,50,114
109,130,49,112
105,131,48,110
104,132,47,109
104,133,47,107
103,134,46,106
103,133,46,106
105,134,45,104
107,135,45,102
109,136,44,101
112,137,43,99
117,138,42,97
121,138,42,97
126,138,42,97
130,138,42,97
137,138,42,97
143,138,42,97
150,138,42,97
157,138,42,97
163,138,42,97
166,137,42,97
172,136,42,97
176,136,42,97
183,135,42,97
190,134,42,97
193,132,42,97
199,130,42,97
206,128,42,97
208,127,42,97
210,126,42,97
214,124,42,97
215,122,42,97
216,121,42,97
217,120,42,97
218,118,42,97
217,116,42,97
217,114,42,97
216,113,42,97
215,112,42,97
213,111,42,97
211,110,42,97
204,109,42,97
199,107,42,97
197,107,42,96
189,105,42,96
187,104,42,96
180,104,42,96
175,103,42,96
170,103,42,96
164,103,42,96
160,102,42,96
153,103,42,96
146,103,42,96
140,104,42,96
134,104,42,96
129,105,41,95
124,108,41,93
123,110,40,92
117,113,40,92
113,114,40,92
109,115,39,90
104,118,39,90
102,119,39,90
100,121,39,90
98,125,39,90
97,127,39,89
97,130,39,89
98,135,39,89
98,136,39,89
99,141,39,89
101,143,39,89
105,145,39,89
107,147,39,89
112,149,39,89
114,150,39,89
120,150,38,87
123,152,37,86
129,153,37,86
134,153,37,86
138,153,37,84
144,153,37,84
150,153,37,85
156,154,36,84
163,153,36,84
170,152,36,84
177,151,36,84
183,150,36,84
188,151,36,84
194,150,36,84
200,149,37,85
205,148,37,85
211,147,37,85
218,147,37,85
224,146,37,85
229,145,37,85
234,145,36,84
241,144,36,84
247,143,36,84
248,141,36,84
250,138,36,82
253,137,36,82
256,136,35,81
256,135,35,81
256,132,35,81
256,130,35,81
255,128,35,81
253,127,35,81
250,124,35,81
248,122,36,82
243,120,36,82
238,117,36,82
234,116,36,82
230,115,36,82
224,114,36,84
218,112,37,85
211,111,38,87
204,110,38,87
196,109,38,88
189,109,38,88
183,109,38,88
178,109,38,88
173,109,39,90
166,109,39,90
159,110,39,90
152,111,39,90
145,113,39,90
140,115,39,90
136,117,39,90
132,120,39,90
127,122,39,90
126,124,39,90
124,127,39,90
123,129,38,88
123,131,38,88
122,133,38,88
122,136,38,88
123,137,38,88
123,138,38,88
124,140,38,88
127,142,38,88
130,143,38,87
133,144,37,85
136,145,36,84
137,145,36,84
139,145,36,84
141,145,36,84
143,144,36,84
148,142,36,84
152,141,36,84
157,139,36,84
163,138,36,84
170,136,36,84
175,133,36,84
178,129,36,84
182,124,36,84
186,121,36,84
190,116,36,84
194,112,36,84
200,106,36,84
203,101,36,84
208,97,36,84
212,92,36,84
215,87,36,84
218,82,36,84
222,78,36,84
223,72,36,84
225,67,36,84
225,61,36,84
226,55,36,84
225,51,36,84
224,46,36,84
224,41,36,84
222,38,36,84
218,37,36,84
217,35,36,84
211,34,36,84
208,35,36,84
202,36,36,84
197,38,36,84
190,41,36,84
185,45,36,84
178,49,36,84
172,55,36,84
165,57,36,84
159,62,36,84
152,67,36,84
145,72,36,84
140,77,36,84
134,81,36,84
131,87,36,84
126,91,36,84
122,95,36,84
118,101,36,84
113,105,36,84
110,111,36,84
106,115,36,84
103,119,36,84
99,125,36,84
97,131,36,84
94,137,36,84
93,142,36,84
92,148,36,84
91,152,36,84
92,156,36,84
93,161,36,84
96,165,36,84
102,166,36,84
104,168,36,84
108,169,36,84
113,171,36,84
118,172,36,84
124,173,36,84
126,174,36,82
133,174,35,81
135,174,35,81
141,174,35,81
144,174,35,80
150,174,35,80
156,173,34,78
162,173,34,78
166,172,34,78
172,171,34,78
175,168,35,80
179,165,35,80
182,163,35,80
186,160,35,80
188,158,35,80
189,157,35,80
192,157,35,80
195,156,35,80
196,154,35,80
196,153,35,80
196,151,35,80
195,148,35,80
193,147,35,80
192,146,35,81
187,144,35,81
184,143,36,83
179,142,37,84
173,139,37,84
169,138,37,86
164,137,38,87
157,135,39,89
149,133,39,89
142,133,39,89
135,133,39,89
131,132,39,89
125,133,39,89
119,133,39,89
115,134,39,89
110,136,39,89
107,137,39,89
102,137,39,89
98,138,39,89
92,139,38,88
88,140,39,89
85,141,39,89
83,143,39,89
78,144,39,90
76,145,39,90
74,147,39,90
73,149,39,90
72,150,39,90
72,151,39,90
72,152,39,90
73,154,39,90
73,156,39,89
73,158,39,89
75,160,38,87
77,161,37,86
79,164,37,84
83,164,37,84
85,164,37,84
90,165,36,83
96,167,36,83
100,168,36,83
106,168,36,83
112,169,36,83
118,169,36,83
123,169,36,83
128,169,36,83
135,168,35,81
141,168,35,81
147,168,35,81
153,167,35,81
161,168,35,81
169,167,35,81
176,168,35,81
182,168,35,81
188,167,35,81
195,169,35,81
201,169,35,80
205,168,35,80
212,168,34,79
218,169,34,77
224,169,33,76
227,167,33,76
233,166,33,76
240,163,33,76
249,162,33,76
254,161,33,76
258,159,33,76
260,154,33,76
267,150,33,76
271,149,33,75
273,145,33,75
278,144,33,75
279,140,33,75
279,136,33,75
281,134,33,75
281,130,33,75
281,129,33,75
280,126,33,75
279,126,33,75
278,124,33,75
276,122,33,77
274,120,34,78
268,117,35,80
263,115,35,80
261,114,35,81
254,111,36,82
250,109,36,82
244,109,36,84
237,108,36,84
231,108,37,85
224,108,37,85
218,108,38,87
211,109,38,87
202,110,38,88
193,112,39,90
182,114,39,90
175,116,39,90
167,119,40,92
158,120,41,93
149,123,41,93
140,126,41,93
133,129,41,93
126,133,41,93
122,138,41,93
117,141,40,92
114,145,39,90
113,150,39,89
111,154,38,87
112,158,37,86
113,164,37,84
117,166,37,84
120,169,37,84
125,171,37,84
132,173,37,84
139,174,37,84
146,175,37,84
154,175,37,84
164,175,37,84
172,174,37,84
181,172,37,84
191,169,37,84
200,165,37,84
210,163,37,84
223,159,36,83
231,157,36,83
246,154,36,83
255,153,36,83
262,150,37,84
270,146,37,86
282,143,37,86
288,141,37,86
295,140,37,86
303,139,37,85
311,139,37,85
317,138,37,85
325,137,37,85
332,136,37,85
338,135,37,85
342,134,38,86
353,135,37,85
360,136,36,84
361,134,36,82
363,134,36,82
366,133,36,82
365,133,36,82
365,132,36,82
364,131,35,81
365,129,35,79
363,129,35,79
359,130,35,79
355,129,35,79
349,130,35,79
342,129,35,79
334,129,35,81
327,129,35,81
319,128,36,82
311,129,36,84
302,130,36,84
291,130,36,84
283,132,36,84
276,132,37,85
266,132,38,87
258,132,38,88
250,133,38,88
241,133,39,90
227,134,39,90
219,135,40,91
211,136,40,91
203,137,40,91
195,138,40,91
187,138,40,91
181,140,40,91
177,141,40,91
171,141,40,93
165,142,40,93
159,144,40,93
155,147,40,93
148,150,40,93
145,153,40,93
142,159,40,91
139,162,39,90
136,169,38,88
135,174,38,87
134,180,37,86
135,183,37,85
166,144,37,85
180,144,37,85
169,152,36,83
170,156,36,83
175,167,36,82
180,172,35,81
181,174,34,79
185,177,34,79
191,177,34,79
184,177,34,79
176,177,34,79
176,177,34,78
178,177,34,78
220,218,33,77
226,213,33,75
233,213,32,74
239,211,32,74
250,205,32,73
255,204,32,73
260,202,32,74
265,197,32,74
267,194,32,74
268,191,32,73
268,187,32,73
269,183,32,73
269,180,32,73
268,176,32,73
266,174,32,73
261,172,32,74
258,169,33,75
254,164,33,77
249,159,34,78
241,157,35,79
233,154,35,81
226,151,36,82
219,149,36,84
212,147,37,85
205,146,38,87
197,145,38,88
190,144,38,88
185,144,38,88
179,143,38,88
172,143,39,90
166,142,40,91
159,143,40,91
153,143,40,91
146,143,40,91
139,145,40,91
136,146,40,91
134,148,40,91
130,150,39,90
128,151,39,90
124,152,38,88
123,153,38,88
120,153,38,88
119,153,38,88
118,154,38,88
117,154,38,88
117,154,38,88
117,156,38,88
117,156,38,88
118,156,38,88
118,157,38,88
120,157,38,88
121,158,38,88
123,158,38,88
126,158,38,87
130,157,38,87
131,157,38,87
134,156,37,85
136,155,37,85
141,155,37,84
141,154,37,84
143,153,37,84
147,153,37,84
151,152,37,84
154,152,37,84
158,151,37,85
162,151,37,85
166,150,38,87
170,150,39,88
175,150,39,88
178,151,39,88
182,151,39,88
185,151,39,88
188,152,39,88
191,153,39,88
197,154,39,88
198,154,39,88
202,154,39,88
203,154,39,88
205,154,39,88
207,153,39,88
207,153,39,88
208,152,39,88
208,151,39,88
208,151,39,88
208,150,39,88
205,149,39,88
204,148,39,88
202,147,39,88
199,147,39,88
195,147,39,88
193,145,39,88
188,145,39,88
187,144,39,88
184,144,39,88
180,144,39,88
179,142,39,88
173,142,39,90
170,142,39,90
166,141,39,90
161,141,39,90
158,141,39,90
156,141,39,90
153,140,39,90
150,140,39,90
148,139,39,90
146,139,39,90
145,139,39,90
143,138,39,90
141,136,39,90
140,136,39,90
139,136,39,90
138,135,39,90
137,134,39,90
136,134,39,90
136,134,39,90
136,133,39,90
136,133,39,90
136,133,39,90
137,133,39,90
137,133,39,90
137,132,39,90
138,132,39,90
139,132,39,90
140,132,39,90
141,132,39,90
143,132,39,90
145,132,39,90
146,132,39,90
147,131,39,90
149,131,39,90
152,131,39,90
154,131,39,90
157,131,39,90
159,131,39,90
162,131,39,90
164,132,39,90
168,132,39,90
169,133,39,90
172,134,39,90
174,134,39,90
176,134,39,90
178,134,39,90
180,133,39,90
183,132,39,90
184,132,39,90
185,132,39,90
186,132,39,90
187,133,39,90
188,133,39,90
190,133,39,89
190,134,39,89
191,134,39,89
192,134,39,89
192,135,39,89
192,134,38,87
193,135,37,86
193,135,37,84
193,135,36,83
192,135,36,83
192,134,36,82
192,135,36,82
192,136,36,82
190,136,36,82
190,136,36,82
189,135,36,82
188,134,36,83
187,132,37,85
187,131,37,85
186,130,37,85
185,129,37,85
184,128,37,85
183,127,37,85
182,127,37,85
182,127,37,85
181,127,38,86
180,127,38,86
179,127,38,86
177,127,38,86
175,126,38,88
173,127,38,88
170,127,38,88
167,127,38,88
165,127,38,88
163,127,38,88
161,126,38,88
160,125,38,88
158,124,38,88
157,122,38,88
155,121,38,88
153,120,38,88
151,118,38,88
150,116,38,88
147,115,38,88
145,113,38,88
142,112,38,88
137,111,38,88
137,111,38,88
134,110,38,88
131,111,38,88
130,111,38,88
129,112,38,88
128,113,38,88
128,114,38,88
128,116,38,88
129,117,38,88
130,120,38,88
131,121,38,88
132,123,38,88
134,125,38,88
138,127,38,88
142,128,38,88
146,129,38,88
148,130,38,88
151,130,38,88
154,131,38,88
160,131,38,88
163,133,38,88
167,135,38,88
169,136,38,88
172,138,38,88
175,138,38,88
177,139,38,88
181,139,38,88
182,139,39,89
182,147,39,89
182,147,39,89
182,146,39,89
182,146,39,89
181,146,39,89
181,147,38,88
179,147,38,88
179,147,38,88
177,146,38,88
177,146,38,88
176,145,38,88
174,145,38,88
172,145,38,88
172,144,38,88
171,143,38,88
170,142,38,88
169,141,38,88
168,140,38,88
167,139,38,88
166,137,38,88
165,136,38,88
164,135,38,88
163,134,38,88
161,133,38,88
159,132,38,88
158,132,38,88
157,132,38,88
156,131,38,88
154,131,38,88
152,131,38,88
151,131,38,88
151,131,38,88
150,131,38,88
150,130,38,88
150,129,38,88
149,128,38,88
149,127,38,88
149,127,38,88
149,126,38,88
149,125,38,88
150,125,38,88
150,123,38,88
150,122,38,88
151,121,38,88
151,119,38,88
152,118,38,88
152,117,38,88
152,116,38,88
152,114,38,88
152,114,38,88
152,113,38,88
152,113,38,88
152,113,38,88
152,113,38,88
152,113,38,88
153,113,38,88
153,113,38,88
154,114,38,88
155,116,38,88
156,117,38,88
158,119,38,88
160,121,38,88
162,123,38,88
164,125,38,88
167,127,39,90
170,130,39,90
173,133,39,90
176,135,39,90
178,137,39,90
179,139,39,90
182,140,39,90
184,142,39,90
186,143,39,90
189,144,39,90
191,144,39,90
193,145,39,90
194,145,39,90
195,145,39,90
195,145,39,90
195,145,39,90
194,145,39,90
192,146,39,90
190,147,39,90
188,147,39,90
184,148,39,90
180,149,39,90
177,149,40,91
171,150,40,93
167,150,41,94
161,150,41,94
154,152,41,94
147,153,40,93
144,153,40,93
138,154,40,91
135,155,39,90
128,157,39,89
125,157,39,89
121,157,39,89
119,157,39,89
115,158,39,89
112,159,38,87
108,158,38,87
104,158,38,87
101,157,38,87
96,156,38,87
93,156,38,87
92,155,38,87
91,155,38,87
90,153,38,87
90,153,38,87
91,151,38,87
91,151,38,87
92,149,38,87
95,148,38,87
97,147,38,87
100,146,38,87
104,146,37,86
107,145,37,86
112,145,37,86
116,144,37,86
121,144,37,86
124,143,37,85
131,143,36,83
134,142,36,83
141,142,36,83
147,142,36,83
152,140,36,83
158,138,36,83
165,138,36,83
171,138,36,83
177,137,36,83
182,135,37,85
184,133,37,85
187,130,37,85
188,129,37,85
190,127,37,85
191,125,37,85
193,124,37,85
194,123,37,85
194,122,37,85
195,122,37,85
194,122,37,85
190,123,37,85
189,123,37,85
184,122,37,85
181,122,38,87
175,121,38,88
169,122,39,89
163,123,39,89
156,124,39,89
149,125,39,89
145,126,39,89
139,127,39,89
133,129,39,89
131,131,39,89
126,132,39,89
124,134,38,88
121,136,37,86
119,137,37,86
116,137,37,86
114,138,37,86
113,141,37,86
111,142,37,86
111,143,37,86
111,144,37,86
111,145,37,86
111,146,37,86
113,147,37,86
116,148,37,85
117,148,37,85
118,147,37,85
122,147,37,85
127,145,37,85
129,143,37,85
136,142,36,83
139,136,36,83
144,134,36,83
149,130,36,83
155,127,36,83
160,123,36,83
167,120,36,83
173,116,37,85
180,111,37,85
185,107,38,86
187,103,38,86
193,98,38,86
200,95,38,86
203,91,38,86
210,87,38,86
214,82,38,86
218,80,38,86
219,77,38,86
222,73,38,86
223,71,38,86
223,69,38,86
223,67,38,86
223,66,38,88
220,65,38,88
217,64,38,88
212,64,38,88
207,64,39,89
200,65,40,91
196,66,40,93
189,68,40,93
181,71,41,94
176,73,41,94
170,76,41,95
163,80,42,97
156,83,42,97
148,88,42,97
140,93,42,97
134,97,41,95
127,101,41,95
120,104,41,95
114,108,41,95
108,112,41,95
101,118,41,95
96,120,41,95
91,125,41,95
88,127,41,95
84,131,41,95
79,137,41,95
78,139,41,95
75,144,41,95
72,146,41,94
72,149,40,93
74,152,40,91
75,153,39,90
76,153,39,90
78,155,38,88
80,155,38,87
81,153,38,87
82,152,38,87
83,151,38,87
84,148,38,87
85,144,38,87
85,141,38,87
85,137,37,85
85,135,37,85
85,130,37,85
84,127,38,87
82,121,38,87
80,118,38,87
77,115,38,87
75,113,38,87
71,114,37,85
69,115,36,84
67,116,36,84
65,118,37,84
64,123,37,84
62,127,37,84
62,132,36,83
62,138,36,83
63,144,36,83
67,150,37,85
71,154,37,86
76,159,38,88
83,165,38,88
91,170,38,88
99,173,38,88
106,176,37,86
117,178,37,85
125,180,37,85
134,181,36,83
142,181,36,83
153,181,37,85
162,181,37,85
171,180,37,85
183,178,37,85
190,177,37,86
198,173,37,86
206,170,37,86
213,165,37,86
219,163,37,86
224,158,37,86
232,155,38,88
238,150,38,88
242,147,38,88
248,140,39,89
252,136,40,91
253,130,40,92
254,125,41,94
255,122,41,94
257,119,41,94
257,114,42,96
257,110,42,97
257,104,43,99
255,100,44,101
253,93,45,103
246,89,45,104
238,82,46,106
232,77,47,108
225,72,48,110
215,68,49,112
205,63,50,114
190,60,51,116
182,57,51,118
174,57,51,118
167,56,52,120
158,58,53,121
147,58,54,123
133,59,54,123
123,62,54,123
113,66,54,123
105,72,53,121
99,75,52,119
98,83,51,117
93,88,50,115
90,94,50,115
86,99,49,113
84,106,49,113
83,113,49,111
82,118,49,111
83,124,49,111
84,133,48,110
85,138,48,110
87,146,47,109
91,150,47,109
96,157,47,109
99,161,47,109
102,162,48,110
110,170,47,108
112,172,47,108
119,178,46,106
126,181,45,104
131,184,45,102
136,187,44,101
140,187,44,101
146,190,43,99
149,189,44,101
157,190,44,101
163,190,44,101
166,189,44,101
173,188,43,99
179,188,43,99
182,186,44,100
186,184,43,98
192,182,42,97
195,179,41,95
199,178,41,95
204,176,41,93
204,172,40,92
206,170,40,92
208,166,39,90
209,163,39,90
211,160,39,89
211,159,38,87
212,157,37,86
212,155,37,86
212,154,37,86
210,152,37,84
208,151,37,84
206,150,37,84
205,150,37,84
201,151,37,84
198,151,37,84
194,151,37,84
190,152,37,84
183,154,37,84
176,154,37,84
169,156,37,84
163,159,36,83
156,161,36,83
149,163,35,82
143,164,35,80
138,166,35,80
133,167,35,80
127,168,34,79
120,170,34,79
113,171,34,79
106,172,34,79
100,172,34,79
94,172,34,79
91,171,34,79
87,171,34,79
86,171,34,79
86,170,34,79
86,169,34,79
87,168,34,79
89,167,34,79
93,165,35,80
100,164,35,80
106,162,35,80
110,162,35,80
117,162,35,80
126,162,35,80
134,161,35,80
141,162,35,80
149,161,35,80
158,161,35,80
170,160,35,80
182,160,35,80
193,159,35,82
201,159,36,83
214,159,36,83
223,159,36,83
232,159,36,83
242,158,36,83
251,158,36,83
259,157,37,85
268,156,37,86
276,156,37,86
281,156,37,86
286,154,38,88
289,152,38,87
296,152,37,85
297,150,37,86
300,148,37,86
300,147,37,86
299,146,37,86
298,144,37,86
295,142,38,88
289,138,38,88
287,138,38,88
281,137,38,88
275,135,39,89
268,133,39,91
260,131,40,92
252,130,40,92
244,129,41,94
235,128,41,94
227,129,41,94
216,129,41,94
207,129,41,94
199,129,41,94
192,129,41,94
185,129,42,96
175,129,42,97
166,129,42,97
157,130,42,96
149,132,42,96
141,133,42,96
135,135,42,96
130,136,42,96
125,137,42,96
121,137,42,96
116,139,41,94
115,142,40,92
115,145,40,91
111,149,39,89
112,152,38,88
112,155,38,88
113,157,38,88
115,159,38,86
119,163,38,86
122,164,38,86
126,164,38,86
129,166,38,86
133,166,37,85
139,169,36,84
143,171,36,82
146,171,36,82
151,170,36,82
158,169,36,82
161,169,36,82
168,170,35,81
173,170,35,81
180,170,35,81
187,170,35,81
194,170,35,81
200,169,35,79
206,170,35,79
213,168,34,78
216,167,34,78
223,167,34,78
227,165,34,78
233,165,34,78
238,165,33,77
242,163,33,75
244,163,33,75
247,161,33,75
248,160,33,75
248,158,33,77
248,157,33,77
248,156,33,77
248,156,33,77
245,155,33,77
241,154,34,78
236,153,34,78
232,153,35,80
227,153,35,81
222,152,36,82
216,151,36,84
210,151,36,84
204,151,36,84
199,152,36,84
193,152,37,85
187,152,37,85
180,152,37,85
174,152,37,85
167,154,36,84
162,154,36,84
156,154,36,84
150,155,36,84
144,156,36,84
139,157,36,84
133,158,36,84
128,159,36,84
122,161,36,84
119,162,36,84
112,164,36,84
111,165,36,84
106,167,36,84
105,168,36,84
104,169,36,84
101,169,36,84
100,170,36,84
100,171,36,84
100,172,36,82
100,172,36,82
101,172,36,82
101,172,36,82
102,172,36,82
107,171,36,82
109,173,35,80
111,172,34,79
115,173,34,78
119,173,34,78
121,172,34,78
123,170,34,78
128,170,34,78
130,169,34,78
132,168,34,78
136,168,34,78
138,168,34,78
143,167,34,78
144,166,34,78
147,166,34,78
151,166,34,78
154,165,34,78
157,165,34,78
158,165,34,78
162,164,34,78
164,164,34,78
166,164,34,78
169,164,33,76
172,168,33,76
174,169,33,75
175,170,32,74
176,171,32,73
178,173,31,72
179,174,31,71
181,175,30,70
183,176,30,68
185,177,29,67
186,177,29,66
185,178,29,66
185,179,29,66
184,179,29,66
182,178,29,66
181,178,28,65
179,177,28,65
176,177,28,65
173,177,28,65
170,177,28,65
168,176,28,65
168,173,28,64
166,173,27,63
162,172,27,62
160,172,26,61
156,173,26,61
152,173,26,61
148,174,26,61
146,174,26,61
143,172,26,60
142,172,25,59
141,172,25,58
140,172,25,59
130,173,25,59
125,174,25,59
122,173,25,58
119,173,25,59
122,174,25,58
126,179,25,57
122,183,24,56
117,182,24,55
112,183,23,54
89,173,23,53
85,173,23,53
82,174,23,53
79,172,23,52
79,173,23,52
76,172,22,51
77,172,22,50
79,173,21,50
80,173,21,49
84,173,21,48
88,174,20,47
93,174,20,46
99,172,20,46
106,171,19,45
112,171,19,45
118,168,19,44
125,168,19,45
132,166,20,46
139,163,20,46
147,161,20,47
153,159,20,46
160,157,20,46
167,154,20,46
174,153,19,45
180,150,19,44
187,148,19,44
192,146,19,43
197,144,18,42
200,141,18,42
201,140,18,42
202,138,18,42
203,137,18,42
200,136,19,43
199,135,19,43
198,134,19,43
195,135,18,42
190,135,18,42
185,136,18,41
182,139,18,41
177,141,18,42
164,141,18,42
159,142,18,41
149,145,18,41
142,148,18,41
133,150,18,42
123,153,18,42
116,156,19,43
109,159,19,43
101,161,19,43
94,164,19,43
87,165,19,43
81,168,19,44
77,171,19,44
73,171,19,44
70,173,19,44
67,175,19,44
67,178,19,44
66,179,19,45
66,180,19,45
67,182,19,45
68,182,20,46
71,183,20,46
73,184,20,46
77,184,20,46
81,183,20,47
87,182,20,47
94,181,20,46
100,177,20,46
105,174,20,46
112,171,19,45
121,166,19,45
128,160,19,45
135,153,19,45
143,146,19,44
151,139,19,43
158,132,19,43
164,124,19,43
173,117,19,43
178,108,18,43
181,101,19,43
187,94,18,42
191,88,18,41
193,81,18,41
195,77,17,40
195,73,17,39
195,70,17,39
192,68,16,38
188,67,16,38
185,67,16,38
180,67,16,37
175,68,16,37
171,72,16,37
165,76,16,37
162,81,16,36
158,87,15,36
152,94,15,36
146,101,15,36
141,108,15,36
138,116,15,36
134,124,15,36
131,132,15,36
128,140,15,36
127,149,15,36
132,123,15,36
132,128,15,36
132,137,15,36
133,144,15,36
136,153,15,36
137,159,15,36
141,165,15,36
145,171,15,36
151,174,15,36
156,177,15,36
159,179,15,35
165,181,15,35
173,184,15,34
179,184,14,34
184,183,14,33
189,183,14,33
192,181,14,33
196,178,14,33
201,177,14,32
204,174,14,32
206,172,14,32
209,170,14,33
220,168,14,34
223,166,14,34
223,164,14,34
225,161,15,34
225,161,14,34
227,158,15,34
230,158,14,33
233,158,14,33
235,157,14,33
236,157,14,33
238,157,15,34
238,157,15,34
239,158,15,34
240,155,15,35
240,155,15,35
241,155,15,35
241,153,15,35
243,152,15,36
243,150,16,36
244,149,16,36
245,148,16,36
248,142,16,36
253,139,16,37
255,137,16,38
257,134,16,38
258,133,16,38
259,130,16,38
259,130,16,38
260,129,16,38
260,128,17,38
259,126,17,39
258,126,17,40
256,118,17,40
257,112,17,40
259,106,17,39
259,107,17,39
257,108,17,40
245,111,18,41
243,109,18,41
243,107,18,41
243,111,18,41
259,134,17,40
259,134,18,41
259,134,18,42
259,133,18,42
259,133,18,42
259,133,18,42
258,132,18,42
258,132,18,42
258,132,18,42
258,130,18,42
258,131,18,42
258,132,18,42
258,132,18,43
258,132,18,43
258,132,18,43
257,132,18,43
258,132,19,43
258,133,19,43
257,134,19,43
257,131,19,43
257,131,18,43
257,131,18,43
257,132,18,43
257,133,18,43
257,133,18,43
257,131,18,43
257,133,18,43
257,131,18,43
257,132,18,43
257,133,18,43
257,130,18,43
257,129,18,43
257,129,18,43
258,129,18,43
258,130,18,43
258,130,18,43
258,132,18,43
258,137,18,43
262,144,18,43
264,145,18,43
263,145,19,43
263,146,19,43
264,147,19,44
264,147,19,44
263,146,19,44
263,147,19,44
264,147,19,45
264,148,19,45
264,146,19,44
264,147,19,44
263,147,19,44
264,148,19,44
265,148,19,45
265,146,19,44
265,147,19,44
264,147,19,44
265,149,19,44
265,148,19,44
264,149,19,44
265,148,19,44
265,149,19,44
264,148,19,43
264,148,19,43
265,148,19,43
264,148,19,43
264,148,19,43
263,148,19,43
256,135,19,44
257,132,19,44
257,132,19,44
257,132,19,43
258,132,19,43
258,132,19,43
258,131,19,43
258,132,19,44
258,132,19,43
258,133,19,43
259,133,19,43
259,133,19,44
258,133,19,44
258,133,19,44
257,133,19,43
257,133,18,43
257,133,18,43
257,133,18,43
258,132,18,43
258,133,18,43
258,133,18,43
259,133,18,43
259,133,18,43
259,132,18,43
259,132,18,43
259,131,18,42
259,132,18,42
257,133,18,43
256,137,18,43
258,134,19,44
263,131,19,44
272,129,19,44
278,129,19,44
283,129,19,44
287,128,19,44
274,127,19,44
272,125,20,45
272,124,20,45
273,123,20,45
274,120,19,44
275,118,19,44
282,116,19,44
281,114,19,44
275,113,19,44
271,110,19,44
266,105,19,44
260,106,19,44
259,106,19,44
256,104,19,44
252,103,20,45
246,103,20,46
238,101,20,46
233,99,20,47
223,95,21,48
215,93,21,48
208,92,21,48
234,100,21,48
230,97,21,49
217,95,22,50
211,96,22,51
206,97,22,51
214,93,22,51
215,97,22,52
217,103,22,51
220,103,23,52
219,103,23,52
220,104,23,52
219,104,23,52
219,104,23,52
220,104,23,52
219,103,23,53
218,103,23,54
218,101,24,55
218,100,24,56
217,100,25,57
219,101,24,56
218,100,25,57
218,99,25,58
217,99,25,58
217,98,26,59
218,100,26,59
218,100,26,59
218,99,26,59
218,99,26,59
217,99,26,59
217,99,26,59
218,99,26,59
218,99,26,59
217,99,26,59
217,99,26,59
218,99,26,59
218,99,26,59
218,98,26,60
218,98,26,60
217,98,26,60
217,98,26,60
217,98,26,60
217,98,26,60
218,99,26,60
218,99,26,60
218,99,26,60
218,99,26,60
218,99,26,60
218,99,26,60
218,98,26,61
217,100,26,60
217,100,26,60
216,101,26,60
211,102,26,61
219,101,27,62
231,98,27,63
250,94,27,63
259,91,27,63
271,91,27,63
280,88,27,63
286,85,27,63
303,90,27,63
309,88,27,62
313,91,27,63
315,94,28,64
315,95,28,65
314,97,29,66
308,97,29,67
303,99,29,67
310,99,29,67
315,99,29,67
316,100,29,67
315,97,29,68
315,98,29,68
318,100,29,67
317,99,28,66
317,99,28,66
316,99,28,66
316,101,28,66
316,102,28,66
316,103,28,64
316,102,28,65
316,101,28,65
316,101,28,65
317,102,28,65
317,101,28,66
317,100,28,66
318,101,28,66
317,100,28,66
317,101,28,64
317,101,28,64
317,101,28,64
317,103,28,64
317,102,28,66
317,103,28,65
317,102,28,66
317,103,28,65
318,104,28,64
318,105,27,63
318,106,27,62
318,107,26,61
318,105,27,62
317,104,27,62
316,106,27,61
313,105,27,61
316,105,27,61
316,104,27,61
317,104,27,61
320,104,27,61
319,104,27,61
319,103,27,62
319,108,26,61
319,109,26,60
319,109,25,59
319,109,25,59
319,108,25,59
319,108,25,59
319,108,25,59
319,108,25,59
319,109,25,58
319,109,25,57
319,109,25,57
319,110,25,57
319,110,25,57
319,110,25,57
319,110,25,57
318,110,25,57
317,110,24,56
315,110,24,56
312,109,24,55
313,109,23,54
312,107,23,54
313,110,24,55
309,110,24,55
309,111,23,54
308,110,24,55
309,109,24,55
314,104,24,56
318,100,25,57
319,96,25,57
319,90,25,58
321,85,26,59
321,80,26,60
321,74,27,61
321,69,27,62
320,64,27,62
304,110,27,63
300,112,28,64
295,108,28,64
290,105,28,65
282,102,29,66
290,101,29,67
289,101,29,67
287,100,30,69
282,105,30,69
276,102,30,70
267,102,30,70
260,101,30,70
257,97,31,71
254,93,31,72
254,97,32,73
254,98,32,73
255,98,32,75
255,99,32,74
252,100,32,73
253,99,31,72
253,100,31,70
253,100,31,70
253,100,30,69
254,100,30,69
254,99,30,69
255,101,30,69
256,101,30,68
256,101,30,68
256,101,30,68
256,101,30,68
256,101,30,68
257,102,29,67
258,102,29,67
258,101,30,68
259,101,30,68
259,101,30,69
257,100,30,68
258,100,29,67
258,100,29,67
258,99,29,67
251,94,29,67
257,97,29,67
258,98,30,68
271,98,30,69
286,96,30,70
294,95,31,71
301,95,31,71
313,92,31,71
320,91,30,70
326,92,30,70
274,90,30,70
278,89,31,71
283,85,31,71
284,80,31,71
285,75,30,70
285,70,30,70
283,65,30,69
280,58,30,69
286,70,30,69
283,65,30,69
278,93,30,70
275,89,30,70
272,83,30,70
263,77,31,71
253,70,32,73
244,64,32,74
235,57,33,75
226,53,33,77
216,50,34,78
207,49,34,79
196,49,35,81
184,50,36,82
172,53,36,84
154,59,36,84
143,62,36,84
130,63,37,85
118,64,38,87
109,65,38,88
97,66,39,90
90,67,40,91
85,71,40,91
81,68,40,93
75,71,40,93
70,76,40,93
66,76,40,93
63,75,41,94
61,74,41,95
60,73,42,96
60,71,43,98
60,71,43,98
61,70,43,98
62,66,43,100
64,67,43,98
69,62,43,98
75,56,43,100
78,48,44,101
80,42,44,101
85,32,45,103
94,14,46,105
97,5,47,107
101,-4,47,109
109,-12,47,109
116,-18,47,107
120,-21,46,105
129,-28,45,103
134,-36,44,102
140,-40,44,102
149,-44,44,101
155,-45,44,100
160,-47,44,102
166,-47,45,103
171,-48,46,105
177,-48,46,105
183,-51,46,105
190,-50,46,105
199,-49,46,105
203,-47,46,106
210,-38,47,108
221,-24,48,110
249,-15,49,112
264,-13,50,114
272,-8,51,116
280,-2,51,118
285,5,52,120
288,12,53,122
291,18,54,124
292,24,55,126
296,30,55,126
297,34,55,126
297,41,55,126
297,44,55,126
297,49,55,126
294,54,55,126
289,58,55,126
282,61,55,126
280,63,55,126
272,64,56,129
266,65,56,129
262,67,56,129
253,68,56,129
246,69,56,129
240,69,56,129
232,69,56,129
225,69,56,129
216,69,57,131
207,70,57,131
197,71,57,131
188,72,57,131
178,73,57,131
171,73,58,133
163,72,59,136
154,71,59,136
147,71,59,136
138,72,59,136
129,74,58,133
124,76,58,132
118,79,58,132
117,81,57,130
113,83,57,130
111,87,57,130
108,90,56,128
109,94,55,126
110,97,55,126
112,101,55,126
115,104,54,124
119,108,54,124
128,110,53,122
130,112,53,122
141,114,53,122
151,116,53,122
162,118,53,122
172,118,53,122
180,118,53,122
191,118,53,122
202,118,53,122
213,116,53,122
224,115,52,119
229,115,51,117
237,114,51,117
241,113,51,117
247,112,51,117
250,112,51,117
255,113,51,117
259,114,51,117
265,116,50,116
266,116,50,116
268,116,50,115
269,116,50,115
271,120,49,113
273,123,49,112
274,128,48,110
273,133,47,108
273,137,46,106
272,144,45,104
266,146,45,104
264,151,45,103
258,155,44,101
254,161,44,101
247,163,44,101
240,167,43,99
239,171,42,98
232,173,42,96
229,175,42,96
223,178,42,96
218,179,42,96
213,178,42,96
209,177,41,94
209,174,41,94
204,171,41,94
202,169,41,94
200,167,41,94
200,165,41,94
200,163,41,94
200,162,41,94
200,160,41,94
201,158,41,94
202,156,41,94
203,154,41,94
204,152,41,94
204,151,41,94
202,148,41,94
201,144,42,96
198,140,43,98
196,136,43,98
194,134,43,99
191,130,44,101