118,69,114,162
119,69,114,162
120,69,114,162
120,69,114,162
120,69,114,162
120,69,114,162
120,67,114,162
120,67,114,162
120,67,114,162
120,67,114,162
119,67,114,162
119,69,114,162
118,70,114,162
116,70,114,162
115,71,114,162
114,72,114,162
111,72,114,162
109,73,114,162
107,74,114,162
103,75,114,162
100,75,114,162
97,75,116,164
95,70,116,164
94,67,116,164
93,65,116,164
92,66,116,164
92,66,116,164
92,65,116,164
92,65,116,164
92,63,116,164
90,60,116,164
90,58,116,164
90,57,116,164
90,56,116,164
90,55,116,164
90,55,116,164
90,55,116,164
90,54,116,164
92,54,116,164
93,54,116,164
94,53,116,164
95,53,116,164
97,53,116,164
98,53,116,164
100,53,116,164
103,52,116,164
105,53,116,164
108,53,116,164
110,53,116,164
112,53,116,164
115,53,116,164
117,52,116,164
119,53,116,164
120,54,116,164
121,54,116,164
123,55,116,164
126,56,116,164
127,57,116,164
128,59,116,164
129,60,116,164
130,64,116,164
130,66,116,164
131,68,116,164
131,69,116,164
132,70,116,164
132,71,116,164
132,72,116,164
132,72,116,164
133,74,116,164
134,75,116,164
134,75,116,164
134,76,116,164
136,76,116,164
136,76,116,164
136,77,116,164
136,77,116,164
136,77,116,164
136,77,116,164
134,77,116,164
134,76,116,164
134,75,116,164
133,74,116,164
132,72,116,164
131,69,116,164
131,68,116,164
131,69,116,164
131,70,116,164
132,72,116,164
133,75,116,164
133,76,116,164
133,77,116,164
133,78,116,164
131,78,116,164
129,79,116,164
129,80,116,164
129,81,116,164
128,82,116,164
127,82,116,164
127,83,116,164
126,83,116,164
125,83,116,164
123,83,116,164
123,83,116,164
123,83,116,164
122,83,116,164
122,83,116,164
122,83,116,164
122,83,116,164
121,83,116,164
121,83,116,164
121,83,116,164
121,83,116,164
121,83,116,164
121,83,116,164
121,83,116,164
121,83,116,164
120,83,116,164
120,83,116,164
120,83,116,164
120,83,116,164
120,83,116,164
120,83,116,164
120,83,116,164
120,85,116,164
120,85,116,164
120,85,116,164
119,85,116,164
119,83,116,164
119,83,116,164
119,83,116,164
119,83,116,164
119,83,116,164
119,83,116,164
119,83,116,164
119,83,116,164
116,82,118,167
117,81,118,167
117,80,118,167
116,78,118,167
115,75,118,167
114,73,118,167
111,72,118,167
110,71,118,167
110,70,118,167
108,69,118,167
108,69,118,167
108,70,118,167
107,71,118,167
107,73,118,167
107,74,118,167
106,74,118,167
106,74,118,167
106,74,118,167
105,74,118,167
105,73,118,167
103,73,118,167
103,73,118,167
103,73,118,167
103,73,118,167
102,73,118,167
102,73,118,167
102,73,118,167
102,73,118,167
102,73,118,167
102,74,118,167
102,73,118,167
102,73,118,167
102,72,118,167
102,72,118,167
102,73,118,167
102,73,118,167
101,72,118,167
100,71,118,167
100,70,118,167
100,69,118,167
100,67,118,167
100,69,118,167
100,70,118,167
99,71,118,167
98,73,118,167
98,75,118,167
98,76,118,167
98,78,118,167
98,79,118,167
98,81,118,167
98,83,118,167
98,84,120,170
97,84,120,170
97,84,122,173
97,84,122,173
97,84,122,173
97,84,122,173
97,84,122,173
97,85,122,173
97,85,122,173
97,85,122,173
97,85,122,173
97,85,122,173
97,86,122,173
97,86,122,173
97,86,122,173
97,86,122,173
97,86,122,173
97,86,122,173
97,86,122,173
97,86,122,173
97,86,122,173
97,86,122,173
97,86,122,173
97,87,122,173
97,87,122,173
97,88,122,173
97,89,122,173
97,91,122,173
97,92,122,173
97,92,122,173
97,92,122,173
97,92,122,173
96,91,122,173
95,89,122,173
95,88,122,173
95,86,122,173
95,82,122,173
95,79,122,173
95,73,122,173
95,67,122,173
96,63,122,173
96,58,122,173
96,56,122,173
97,52,122,173
97,51,122,173
98,50,122,173
99,49,122,173
100,48,122,173
100,49,122,173
100,48,122,173
100,48,122,173
100,46,122,173
100,46,122,173
102,48,122,173
103,50,122,173
103,51,122,173
103,52,122,173
104,53,122,173
104,53,122,173
105,55,122,173
105,56,122,173
106,57,122,173
107,57,122,173
107,58,122,173
109,58,122,173
109,59,122,173
109,60,122,173
109,62,122,173
109,63,122,173
109,63,122,173
109,64,122,173
109,64,122,173
109,65,122,173
109,66,122,173
109,67,122,173
109,68,122,173
109,70,122,173
109,71,122,173
109,71,122,173
107,71,122,173
107,72,122,173
107,72,122,173
107,72,122,173
109,72,122,173
109,70,122,173
107,67,122,173
107,65,122,173
107,66,122,173
106,67,122,173
106,67,122,173
106,67,122,173
105,67,122,173
104,68,122,173
103,68,122,173
102,68,122,173
102,68,122,173
100,68,122,173
100,68,122,173
99,70,122,173
99,70,122,173
99,71,122,173
98,70,122,173
97,69,121,172
96,69,121,172
96,70,121,172
96,70,121,172
96,70,121,172
96,70,121,172
96,72,121,172
96,72,121,172
96,72,121,172
96,72,121,172
96,72,121,172
96,72,121,172
96,72,121,172
96,72,121,172
95,72,121,172
95,73,121,172
95,73,121,172
95,73,121,172
95,73,121,172
95,73,121,172
95,73,121,172
95,72,121,172
95,72,121,172
95,70,121,172
95,70,121,172
95,70,121,172
95,70,121,172
95,70,121,172
95,72,121,172
95,72,121,172
96,72,121,172
96,72,121,172
96,70,121,172
97,70,121,172
97,70,121,172
97,72,121,172
97,73,121,172
97,74,121,172
96,75,121,172
96,75,121,172
96,75,121,172
95,74,121,172
94,74,121,172
93,74,121,172
93,74,121,172
92,74,121,172
91,74,121,172
91,74,121,172
89,74,121,172
89,74,121,172
89,74,121,172
88,74,121,172
87,74,121,172
86,74,121,172
85,74,121,172
82,75,121,172
80,75,121,172
78,75,121,172
77,74,121,172
74,73,121,172
73,70,121,172
73,69,121,172
73,69,121,172
72,69,121,172
72,70,121,172
72,72,121,172
72,73,121,172
72,74,121,172
72,75,121,172
72,75,121,172
72,75,121,172
72,75,121,172
72,75,121,172
72,75,121,172
71,74,121,172
71,74,121,172
71,74,121,172
71,74,121,172
72,74,121,172
72,74,121,172
73,74,121,172
74,74,121,172
74,74,121,172
76,74,121,172
77,74,121,172
78,74,121,172
79,74,121,172
80,74,121,172
81,74,121,172
81,74,121,172
82,74,121,172
82,74,121,172
84,74,121,172
84,73,121,172
85,73,121,172
86,72,121,172
87,70,121,172
87,69,121,172
88,69,121,172
89,69,121,172
89,68,121,172
91,68,121,172
89,67,121,172
91,67,121,172
91,66,121,172
91,66,121,172
91,66,121,172
92,66,121,172
92,66,121,172
93,66,121,172
93,66,121,172
93,66,121,172
93,66,121,172
93,66,121,172
94,65,121,172
94,63,121,172
94,63,121,172
94,62,121,172
94,61,121,172
94,60,121,172
94,59,121,172
94,61,121,172
95,62,121,172
95,65,121,172
94,66,121,172
94,67,121,172
94,68,121,172
94,68,121,172
94,68,121,172
93,69,121,172
93,70,121,172
93,72,121,172
93,73,121,172
92,74,121,172
92,75,121,172
92,76,121,172
92,77,121,172
92,78,121,172
92,78,121,172
92,78,121,172
92,78,121,172
92,78,121,172
92,80,121,172
92,80,121,172
92,80,121,172
92,80,121,172
92,78,121,172
92,77,121,172
92,76,121,172
92,77,121,172
92,77,121,172
92,76,121,172
91,76,121,172
89,75,121,172
89,74,121,172
89,74,121,172
89,73,121,172
89,73,121,172
89,73,121,172
89,74,121,172
89,75,121,172
89,75,121,172
89,76,121,172
89,77,121,172
89,78,121,172
89,81,121,172
89,82,121,172
89,83,121,172
89,83,121,172
89,83,121,172
89,83,121,172
89,83,121,172
89,83,121,172
89,83,121,172
89,84,121,172
89,85,121,172
88,85,122,173
88,85,122,173
88,85,122,173
88,86,122,173
88,86,122,173
88,86,122,173
88,86,122,173
88,87,122,173
88,87,122,173
88,87,122,173
88,87,122,173
88,87,122,173
88,87,122,173
88,87,122,173
88,87,122,173
88,87,122,173
88,87,122,173
88,87,122,173
88,87,122,173
88,87,122,173
88,87,122,173
88,87,122,173
88,87,122,173
88,87,122,173
88,87,122,173
88,87,122,173
88,87,122,173
88,87,122,173
88,87,122,173
88,87,122,173
88,87,122,173
88,87,122,173
88,87,122,173
88,87,122,173
88,87,122,173
88,87,122,173
88,87,122,173
88,87,122,173
88,87,122,173
88,87,122,173
88,88,122,173
88,88,122,173
88,88,122,173
88,88,122,173
88,88,122,173
88,88,122,173
88,88,122,173
88,88,122,173
88,88,122,173
89,88,122,173
89,89,122,173
89,89,122,173
90,89,122,173
91,89,122,173
92,88,122,173
94,88,122,173
95,87,123,175
104,88,125,178
105,87,127,181
106,86,129,184
106,85,132,187
106,83,134,191
106,83,134,191
108,84,134,191
106,82,136,194
106,82,136,194
106,84,136,194
106,84,136,194
106,84,136,194
106,84,136,194
106,82,136,194
106,84,136,194
106,82,136,194
106,84,136,194
106,82,136,194
106,84,136,194
106,84,136,194
106,84,136,194
105,82,136,194
105,84,136,194
105,82,136,194
105,84,136,194
105,82,136,194
105,84,136,194
105,84,136,194
105,84,136,194
105,84,136,194
105,84,136,194
104,84,136,194
104,84,136,194
104,84,136,194
104,84,136,194
104,84,136,194
103,84,136,194
103,82,136,194
103,84,136,194
103,82,136,194
103,84,136,194
103,84,136,194
103,84,136,194
103,84,136,194
103,84,136,194
103,85,136,194
103,85,139,197
103,85,139,197
103,85,139,197
103,85,139,197
103,85,139,197
103,85,139,197
103,85,139,197
103,85,139,197
103,86,139,197
103,86,139,197
103,86,139,197
103,86,139,197
103,87,139,197
101,86,139,197
100,86,139,197
99,83,141,201
96,78,141,201
95,76,141,201
93,76,141,201
92,76,141,201
91,75,139,198
90,76,137,194
90,77,134,191
91,79,132,188
91,82,130,185
91,82,130,185
90,83,130,185
90,84,130,185
90,84,130,185
91,85,130,185
91,85,130,185
92,84,130,185
92,84,130,185
92,84,130,185
92,84,130,185
94,84,130,185
94,84,130,185
94,84,130,185
94,85,130,185
95,87,130,185
95,85,130,185
95,85,130,185
95,85,130,185
95,84,130,185
96,82,128,182
97,81,125,179
98,80,123,176
98,80,123,176
98,80,123,176
98,80,123,176
97,79,123,176
97,79,123,176
97,79,123,176
97,79,123,176
97,79,123,176
97,79,123,176
97,79,123,176
97,79,123,176
97,79,123,176
97,79,123,176
97,78,123,176
97,78,123,176
97,78,123,176
97,78,123,176
97,78,123,176
97,78,123,176
97,78,123,176
97,78,123,176
97,78,123,176
97,78,123,176
96,78,123,176
96,78,123,176
96,78,123,176
96,79,123,176
96,79,123,176
96,79,123,176
96,79,123,176
96,79,123,176
96,79,123,176
96,79,123,176
96,79,123,176
96,79,123,176
96,79,123,176
96,79,123,176
96,79,123,176
96,79,123,176
96,79,123,176
96,79,123,176
96,79,123,176
96,79,123,176
96,79,123,176
96,79,123,176
96,79,123,176
96,78,123,176
96,77,123,176
96,77,123,176
96,77,123,176
96,77,123,176
96,77,123,176
97,77,123,176
97,77,123,176
97,77,123,176
97,77,123,176
97,77,123,176
96,75,123,176
95,75,123,176
93,75,123,176
92,77,123,176
91,78,123,176
90,79,123,176
89,79,123,176
88,79,123,176
86,79,123,176
85,79,123,176
83,79,123,176
82,79,123,176
80,79,123,176
79,79,123,176
78,79,123,176
76,78,123,176
75,77,123,176
73,75,123,176
72,75,123,176
71,75,123,176
71,77,123,176
70,78,123,176
70,79,123,176
70,80,123,176
69,80,123,176
69,81,123,176
69,81,123,176
68,81,123,176
66,81,123,176
65,81,123,176
63,81,123,176
64,81,123,176
64,82,123,176
64,82,123,176
64,82,123,176
64,81,123,176
64,81,123,176
64,81,123,176
63,80,123,176
63,79,123,176
63,79,123,176
63,79,123,176
63,79,123,176
63,79,123,176
64,79,123,176
64,79,123,176
64,79,123,176
64,79,123,176
64,79,123,176
64,78,123,176
64,78,123,176
64,78,123,176
65,78,123,176
65,78,123,176
66,78,123,176
68,78,123,176
69,78,123,176
70,78,123,176
71,78,123,176
72,78,123,176
73,78,123,176
75,78,123,176
77,78,123,176
79,78,123,176
79,77,123,176
82,77,123,176
83,77,123,176
85,77,123,176
86,75,123,176
86,74,123,176
88,74,123,176
88,74,123,176
88,73,123,176
89,73,123,176
89,72,123,176
89,72,123,176
90,71,123,176
90,69,123,176
90,68,123,176
90,67,123,176
90,66,123,176
91,66,123,176
92,66,123,176
92,66,123,176
93,66,123,176
93,66,123,176
93,65,123,176
93,64,123,176
93,64,123,176
93,64,123,176
95,64,123,176
95,64,123,176
95,64,123,176
95,62,123,176
95,62,123,176
95,62,123,176
95,61,123,176
95,61,123,176
95,60,123,176
95,59,123,176
95,59,123,176
93,59,123,176
93,58,123,176
92,58,123,176
92,57,123,176
92,55,123,176
91,54,123,176
91,54,123,176
91,55,123,176
91,58,123,176
91,60,123,176
91,61,123,176
91,61,123,176
91,62,123,176
91,64,123,176
91,64,123,176
91,64,123,176
91,64,123,176
91,64,123,176
91,64,123,176
91,64,123,176
91,64,123,176
92,64,123,176
92,64,123,176
92,65,123,176
92,66,123,176
93,66,123,176
95,66,123,176
96,66,123,176
97,66,123,176
98,66,123,176
98,66,123,176
98,66,123,176
99,66,123,176
100,66,123,176
100,66,123,176
100,66,123,176
102,66,123,176
103,66,123,176
103,66,123,176
104,67,123,176
105,65,123,176
105,64,123,176
106,64,123,176
109,64,123,176
111,62,123,176
113,62,123,176
116,62,123,176
118,59,121,173
120,59,121,173
123,60,121,173
124,60,121,173
125,60,121,173
126,60,121,173
127,60,121,173
128,60,121,173
130,60,121,173
131,60,121,173
132,60,121,173
132,62,121,173
133,63,121,173
134,64,121,173
134,65,121,173
134,65,121,173
135,65,121,173
136,64,121,173
136,64,121,173
136,64,121,173
136,64,121,173
136,64,121,173
136,64,121,173
136,64,121,173
136,64,121,173
136,64,121,173
136,64,121,173
136,64,121,173
136,65,121,173
136,64,121,173
136,65,121,173
136,64,121,173
136,65,121,173
136,64,121,173
136,65,121,173
135,65,121,173
134,65,121,173
133,65,121,173
132,65,121,173
131,64,121,173
128,65,121,173
127,64,121,173
126,65,121,173
125,64,121,173
124,65,121,173
123,64,121,173
121,64,121,173
121,63,121,173
121,63,121,173
120,63,121,173
119,63,121,173
118,63,121,173
117,63,121,173
116,63,121,173
115,63,121,173
113,62,121,173
112,60,121,173
109,58,121,173
106,55,121,173
105,55,121,173
104,53,121,173
104,53,121,173
104,53,121,173
104,57,121,173
104,59,121,173
103,63,121,173
103,64,121,173
102,66,121,173
102,67,121,173
102,70,121,173
102,71,121,173
102,72,121,173