298,149,67,122
298,149,67,122
299,149,67,122
298,148,67,122
298,148,67,122
296,147,67,122
295,147,67,122
294,146,67,122
293,147,67,122
294,146,67,122
293,147,67,122
292,147,67,122
292,148,67,122
286,147,65,119
286,147,65,119
283,145,65,119
276,145,65,119
274,146,65,119
272,145,65,119
270,145,65,119
267,145,65,119
266,145,65,119
266,142,65,118
263,143,65,118
261,143,65,118
256,144,64,116
255,142,64,116
254,143,63,115
251,144,62,113
249,144,62,113
248,144,62,113
238,145,61,111
235,145,60,109
233,146,59,107
229,145,58,105
230,145,57,103
230,145,56,102
230,145,55,100
228,145,55,100
228,145,55,100
224,144,56,102
223,144,55,100
221,144,54,98
220,145,53,97
219,145,52,95
218,144,52,95
218,143,52,94
218,144,51,93
217,143,51,93
216,142,51,93
215,141,50,91
213,141,50,91
213,142,49,90
212,142,48,88
213,143,47,87
211,142,47,86
210,139,46,84
210,141,45,83
208,135,45,82
208,138,45,82
210,139,44,81
210,139,44,81
209,140,44,81
209,138,44,81
210,138,43,80
208,142,44,81
207,149,44,81
207,154,44,80
207,155,43,78
206,154,43,78
207,155,42,77
207,155,42,77
206,154,42,77
206,154,42,77
206,154,42,77
205,153,42,77
205,153,42,77
204,152,42,77
203,151,42,77
203,150,42,77
203,149,42,77
202,148,42,77
202,147,42,77
202,135,42,77
202,142,42,77
201,143,42,77
201,144,42,77
198,144,42,77
197,126,42,77
197,139,42,77
196,144,42,77
196,143,42,77
193,143,42,77
192,143,42,77
191,143,42,77
189,143,42,78
188,141,43,79
185,141,43,79
183,141,43,79
181,140,44,80
178,138,45,82
174,136,46,83
170,133,46,83
167,131,46,83
165,131,46,85
159,131,47,86
157,130,48,88
152,129,48,89
148,129,48,89
143,101,49,89
142,111,50,91
136,118,51,93
133,124,51,94
129,122,52,96
124,121,53,98
121,121,54,99
119,120,55,101
115,119,56,103
115,117,56,103
114,115,56,103
113,114,57,105
112,113,58,106
107,113,58,106
105,112,59,108
102,111,60,110
98,111,60,110
95,111,61,111
94,112,61,111
92,112,61,111
91,112,61,111
77,60,61,111
89,101,61,111
90,109,61,111
89,111,61,111
88,110,62,113
88,111,62,113
88,111,62,113
90,112,62,114
90,112,62,114
90,111,62,114
92,110,62,114
92,110,62,114
94,110,62,114
96,111,62,114
98,113,62,114
98,112,62,114
100,114,62,114
101,115,62,114
103,116,62,114
104,118,62,114
105,118,62,114
107,118,62,114
109,118,62,114
111,120,62,114
114,119,62,114
117,97,62,113
126,112,62,113
132,123,61,111
140,128,61,111
143,126,61,111
148,128,60,109
151,129,59,108
155,129,59,108
160,129,59,108
163,130,59,108
169,128,59,108
172,130,58,106
175,130,57,104
179,130,57,104
182,130,57,104
185,130,56,102
188,133,55,101
190,135,54,99
192,135,54,99
195,139,53,97
197,140,52,96
199,142,51,94
203,143,51,93
204,143,51,93
205,136,51,93
209,144,51,93
212,145,51,93
214,148,50,92
217,148,50,92
218,144,50,92
220,151,49,90
222,151,49,90
225,151,49,90
227,152,49,90
230,153,49,90
231,153,49,90
233,152,49,90
236,152,49,90
238,152,49,90
240,151,49,89
242,152,48,89
245,153,48,88
246,153,48,88
251,157,47,86
251,156,47,86
251,154,48,88
255,157,47,86
256,157,46,85
251,147,46,85
260,155,46,85
265,157,46,85
266,157,46,85
266,158,46,83
267,157,46,83
269,157,46,83
272,158,45,82
275,159,44,81
276,160,44,81
280,162,43,79
282,162,43,78
285,162,42,77
286,161,42,77
288,161,42,77
290,161,41,75
293,161,40,74
294,161,40,73
296,161,40,73
297,161,40,73
298,161,40,73
300,162,39,72
301,162,39,72
301,161,39,72
299,150,40,73
305,156,40,73
305,157,40,73
305,157,40,73
307,160,39,72
296,166,38,70
303,165,38,70
304,163,39,72
310,164,38,71
309,164,38,71
308,163,38,71
308,162,38,71
308,160,38,71
308,160,38,71
308,160,38,71
308,160,38,71
307,160,38,71
305,160,38,71
303,160,38,71
300,161,38,71
295,163,39,72
291,163,39,72
285,164,40,72
283,163,40,72
276,166,40,74
270,166,40,74
274,162,41,75
276,159,41,76
272,159,42,77
271,159,42,77
271,159,41,76
267,158,42,77
266,157,42,77
261,157,42,77
260,156,42,77
254,156,42,77
253,155,42,77
248,154,43,78
247,154,43,78
243,154,44,80
235,153,44,81
234,152,44,81
231,153,44,81
228,153,44,81
221,153,45,83
217,153,45,83
213,153,45,83
208,151,46,83
205,151,46,83
201,149,46,83
196,148,46,85
191,146,47,86
185,144,48,88
179,144,49,89
159,152,48,88
168,146,48,88
165,145,48,88
158,144,49,89
154,142,50,91
146,141,51,93
143,139,52,94
135,137,52,96
131,135,53,98
123,133,54,99
119,133,54,99
114,133,54,99
106,131,55,101
99,131,56,103
92,130,57,105
86,129,58,106
80,127,59,107
76,126,59,107
75,115,59,107
70,123,59,107
63,122,60,109
56,123,60,109
49,123,61,111
46,124,61,111
43,125,61,111
40,124,61,111
36,124,61,111
33,122,60,110
29,122,60,110
25,122,60,110
19,120,60,110
13,119,61,112
10,117,63,114
7,114,64,116
2,112,65,118
-1,109,65,118
-4,108,65,118
-4,109,65,118
-4,109,65,118
-5,105,65,118
-9,100,65,118
-11,97,65,118
83,161,66,120
-13,93,66,120
-14,88,65,118
-9,86,64,116
-11,90,63,115
-9,102,62,113
-8,91,61,112
-8,101,61,112
-8,103,61,112
-7,102,61,112
-6,101,61,112
-7,98,61,112
-5,101,61,112
-3,102,62,114
-3,100,63,116
4,103,63,116
1,106,64,118
2,110,65,120
5,112,67,122
9,114,68,124
14,115,69,126
25,114,69,126
35,115,69,126
43,117,68,125
54,119,68,125
53,61,67,123
63,66,66,121
73,68,66,121
82,70,67,122
92,71,67,122
100,72,67,122
106,73,67,122
114,75,67,122
134,118,67,122
142,130,67,122
150,140,66,121
159,161,67,123
162,164,67,123
172,166,67,123
178,168,66,121
186,168,66,121
190,169,66,120