162,188,34,84
162,188,34,84
162,188,34,84
162,188,34,84
162,188,34,84
162,188,34,84
162,187,34,84
162,187,34,84
161,187,34,84
161,187,34,84
161,186,34,84
161,186,34,84
162,186,34,84
162,185,34,84
162,184,34,84
162,183,34,84
162,183,34,84
162,184,34,84
163,185,33,82
163,186,33,82
163,187,33,82
163,188,33,82
164,189,33,82
164,189,33,82
164,189,33,82
164,189,33,82
165,188,33,82
164,188,33,82
166,188,33,82
171,189,32,81
171,189,32,79
170,188,32,79
169,187,32,79
168,187,32,79
167,189,31,78
164,187,31,78
164,188,31,77
166,189,30,75
169,189,31,77
167,190,31,77
166,191,31,77
164,192,31,77
161,192,31,77
160,191,31,77
162,191,30,75
164,189,30,75
164,190,30,75
161,190,30,75
161,190,30,74
161,191,30,74
160,190,30,74
156,191,29,73
158,192,29,73
153,193,29,72
154,194,29,74
153,194,30,75
150,195,30,75
150,193,30,74
151,192,30,74
154,188,30,75
149,188,31,76
149,187,31,78
147,189,32,79
145,187,32,80
142,187,32,80
140,188,31,78
140,191,31,77
139,190,30,76
137,191,30,74
140,191,29,73
143,190,29,73
145,189,29,73
145,188,29,73
143,188,29,71
148,189,29,71
155,189,29,71
159,191,29,71
163,192,29,71
164,191,29,71
160,190,29,71
161,189,29,73
164,188,29,73
177,188,29,73
180,187,29,73
181,186,29,71
182,186,29,71
188,186,29,71
193,187,29,71
195,187,29,71
198,188,29,73
197,188,30,74
199,187,30,75
202,187,30,76
202,187,30,76
203,188,31,77
203,189,31,78
203,189,32,79
202,189,32,79
201,188,32,79
201,187,32,79
201,186,32,79
201,185,32,79
201,185,32,79
202,184,32,79
202,184,32,79
203,184,32,79
204,182,32,80
204,181,33,81
207,180,33,82
209,178,33,82
211,177,34,84
212,174,34,85
214,173,34,85
215,172,34,85
217,170,34,85
221,169,34,85
221,168,34,85
223,167,34,85
224,166,34,85
225,165,34,85
225,165,34,85
227,164,34,85
226,163,34,85
226,164,34,85
227,164,34,85
227,164,35,87
229,164,34,85
229,164,34,84
227,164,34,84
226,163,34,85
225,163,34,85
225,162,34,85
222,162,34,85
222,161,34,85
222,162,34,85
223,161,34,85
224,161,34,86
223,161,34,86
222,161,34,86
221,162,34,86
221,162,34,86
221,162,34,86
223,163,34,86
225,163,34,86
226,163,34,86
226,162,34,86
226,162,35,87
226,162,35,87
226,162,35,87
226,163,35,87
227,162,36,89
227,160,36,89
227,162,36,89
227,161,36,89
227,162,35,87
227,166,35,87
228,171,35,88
231,172,36,90
229,173,36,90
228,173,36,91
228,173,37,92
228,174,37,92
228,173,37,92
227,172,37,92
225,170,36,91
224,170,36,91
223,168,36,91
222,167,37,92
221,166,38,94
220,165,38,95
217,164,38,95
215,162,39,96
215,158,39,96
216,158,39,96
215,158,39,96
211,158,39,96
212,153,38,95
211,155,37,93
208,158,37,92
208,160,38,94
209,157,38,95
278,172,39,96
283,171,39,98
290,171,39,98
298,173,39,98
303,166,40,100
310,165,40,100
311,162,40,100
312,162,41,102
313,159,42,103
314,155,42,103
311,154,42,103
320,152,42,104
328,153,42,104
329,153,42,104
330,150,42,104
331,149,42,104
332,150,42,103
334,150,42,103
334,152,41,102
335,153,40,100
336,155,40,98
338,154,39,97
339,156,39,96
340,155,39,96
343,154,39,96
344,157,38,94
344,156,38,94
344,156,37,93
332,164,37,91
334,165,36,90
336,164,35,88
338,165,35,87
339,167,34,85
340,167,34,84
342,167,33,82
342,168,32,81
337,168,32,81
338,170,32,81
343,173,32,80
350,192,32,80
353,197,31,78
354,198,32,80
355,198,32,80
413,170,33,82
414,169,33,82
414,168,33,82
407,168,33,82
403,169,32,80
402,170,32,79
401,170,31,78
420,157,31,78
424,158,32,80
418,155,32,80
418,159,33,81
418,155,33,81
416,155,33,81
414,154,33,81
411,152,33,81
408,151,33,81
404,149,33,81
402,148,32,80
399,148,31,78
398,148,32,80
396,149,32,80
376,103,32,80
375,103,32,80
376,103,32,80
379,102,31,78
381,101,31,77
383,100,31,77
384,99,31,77
384,97,31,77
384,97,31,77
365,82,31,79
358,77,31,77
351,77,31,77
337,78,30,76
331,79,30,75
324,79,29,73
315,79,29,73
308,79,29,73
300,79,29,73
292,79,29,73
285,79,29,73
278,79,30,75
271,79,29,73
264,80,29,73
257,80,29,72
250,81,29,72
243,80,28,70
237,81,28,69
231,82,27,68
225,83,27,67
219,83,27,67
214,83,27,67
209,83,27,67
205,83,27,67
199,82,27,67
193,82,26,66
187,83,26,65
181,83,26,65
176,82,26,65
168,83,26,65
163,83,25,64
155,81,25,64
145,81,25,64
138,81,25,64
130,79,25,64
123,79,25,64
116,78,25,64
107,78,25,64
102,78,25,64
93,78,25,64
86,77,25,64
79,77,25,64
71,77,25,64
62,77,25,64
54,77,25,64
46,77,25,64
38,77,25,64
27,77,25,64
17,77,25,64
11,76,25,64
1,75,26,65
-7,77,25,64
-13,73,26,65
-13,70,26,65
-29,65,26,64
-28,66,25,64
-30,65,26,65
-29,64,26,65
-29,66,25,64
-29,70,25,63
-28,75,25,63
-27,76,25,62
-28,75,25,63
-29,74,26,64
-29,74,26,65
-30,71,27,67
-2,119,27,68
-1,133,27,68
-1,136,27,68
-3,141,27,68
-7,144,28,69
-9,143,28,69
30,184,28,70
25,184,28,70
19,184,28,70
15,183,28,70
16,183,28,70
17,183,28,71
29,183,29,72
28,183,29,73
22,183,29,73
18,182,29,73
14,182,29,73
9,182,30,75
3,182,30,76
-1,182,31,77
-2,182,32,79
-3,183,32,80
-2,197,32,80
7,203,33,81
27,219,32,80
24,219,33,81
30,219,33,81
36,218,33,83
35,218,34,84
34,216,34,85
33,180,34,86
27,181,35,87
19,182,35,87
14,183,35,87
14,183,36,89
11,182,36,91
34,182,37,92
31,181,37,92
25,212,37,92
17,215,37,92
10,220,38,94
4,220,38,94
-1,220,37,92
0,220,38,94
-2,220,37,92
22,196,36,91
27,190,36,91
26,189,37,92
25,183,36,91
24,184,37,92
19,184,37,92
18,184,37,92
18,184,37,92
18,185,37,92
14,184,37,92
23,185,37,93
31,185,38,94
64,180,38,95
65,187,38,95
59,188,38,95
59,191,38,95
57,195,38,95
73,129,38,95
66,130,38,95
63,124,38,95
57,124,39,96
51,123,39,98
44,116,39,98
36,118,39,98
28,125,39,97
20,123,39,97
15,123,38,95
15,117,38,95
0,113,39,97
-13,111,39,98
-19,110,39,98
-22,113,39,98
-5,90,40,100
-6,101,40,100