692,439,24,79
690,440,24,79
687,440,24,79
684,440,24,79
681,440,24,79
679,439,24,79
675,438,24,79
671,437,24,79
670,436,24,79
667,435,24,79
665,433,24,79
661,433,24,79
660,432,24,79
655,432,24,79
654,431,24,79
649,431,24,79
648,431,24,79
644,430,24,79
642,430,24,79
639,430,24,79
636,430,24,79
635,427,24,79
630,426,24,79
629,424,24,79
627,424,24,79
623,423,24,79
621,423,24,79
618,423,24,79
616,423,24,79
612,423,24,79
611,423,24,79
607,423,24,79
603,423,24,79
602,422,24,79
598,420,24,79
597,419,24,79
596,417,24,79
592,416,24,79
591,415,24,79
587,415,24,79
585,415,24,79
582,414,24,79
581,414,24,79
577,414,24,79
575,414,24,79
573,414,24,79
570,413,24,79
568,412,24,79
565,411,24,79
564,410,24,79
561,409,24,79
559,409,23,77
557,408,23,77
553,410,23,76
552,410,23,76
549,411,22,75
546,411,22,75
545,410,22,75
541,410,22,75
539,408,22,75
536,407,22,75
536,406,22,75
533,404,22,75
531,403,22,75
528,403,22,75
525,403,22,75
524,403,22,75
521,402,22,75
519,402,22,75
516,402,22,75
514,403,22,75
512,402,22,75
511,401,22,75
509,400,22,75
505,399,22,75
504,397,22,75
502,397,22,75
499,397,22,75
497,396,22,75
495,396,22,75
493,396,22,75
491,396,22,75
489,396,22,75
487,397,22,73
486,394,22,73
483,395,22,73
481,393,22,73
479,393,22,73
476,393,22,73
473,392,22,72
472,393,21,71
470,392,21,71
467,391,21,71
465,390,21,71
464,391,21,71
462,391,21,71
460,392,21,71
458,391,21,71
457,391,21,71
454,390,21,71
453,388,21,71
450,388,21,70
449,387,21,70
447,386,21,70
446,385,21,70
443,385,21,70
442,385,21,70
440,385,21,70
438,385,21,70
435,385,21,70
433,385,21,70
432,383,21,70
430,382,21,70
428,382,20,69
427,382,20,69
426,381,20,69
423,381,20,69
421,381,20,69
420,381,20,69
417,380,20,69
416,380,20,67
413,381,20,67
411,381,20,67
410,381,20,67
408,381,20,67
406,380,20,66
405,379,20,66
402,378,20,66
401,377,20,66
400,377,20,66
398,376,20,66
396,375,20,66
394,376,20,66
392,375,20,66
391,376,20,66
388,376,20,66
387,376,20,66
384,375,20,66
383,374,20,66
382,373,20,66
381,373,20,66
379,372,20,66
376,371,20,66
374,372,20,66
372,372,20,66
370,371,20,66
368,371,20,66
367,370,20,66
364,371,20,66
364,371,20,66
361,371,20,66
360,370,20,66
359,370,20,66
357,369,20,66
356,367,20,66
353,367,19,65
353,368,19,64
351,367,19,64
351,368,19,63
348,369,18,62
347,368,18,62
346,368,18,62
344,368,18,62
343,368,18,62
342,367,18,62
340,367,18,62
338,366,18,62
337,366,18,62
333,366,18,62
331,366,18,61
330,367,18,60
328,366,18,60
327,367,18,59
324,366,18,59
324,367,17,58
323,367,17,58
320,367,17,57
319,367,17,57
317,366,17,57
316,366,17,57
315,364,17,57
313,363,17,57
311,363,17,57
311,363,17,56
309,363,17,56
308,363,17,56
306,363,17,56
304,363,17,56
301,363,17,56
301,363,17,56
300,362,17,56
298,361,17,56
297,361,17,56
295,360,17,56
293,360,16,55
292,360,16,55
290,360,16,55
289,360,16,55
287,359,16,55
285,359,16,55
283,359,16,55
282,359,16,55
281,359,16,55
278,358,16,55
277,358,16,55
276,358,16,55
274,358,16,55
272,356,16,55
271,356,16,55
269,356,16,55
268,355,16,55
266,355,16,55
265,356,16,55
263,356,16,55
262,357,16,55
260,356,16,55
258,356,16,55
257,356,16,55
255,355,16,55
254,353,16,55
251,349,16,54
250,349,16,53
249,350,16,52
247,351,16,52
245,352,16,52
244,353,16,52
241,352,16,52
241,352,16,52
238,353,16,52
237,351,15,51
235,352,15,51
234,352,15,51
233,351,15,51
231,351,15,51
230,350,15,51
229,350,15,51
227,349,15,51
225,350,15,51
223,349,15,51
223,350,15,51
221,349,15,51
219,349,15,51
218,349,15,51
216,348,15,51
215,348,15,51
214,348,15,51
211,347,15,51
210,347,15,51
209,347,15,51
207,346,15,51
206,347,15,51
204,347,15,51
203,347,15,51
202,348,15,51
201,348,15,51
199,348,15,51
198,348,15,51
197,348,15,51
195,347,15,51
195,347,15,51
193,346,15,51
192,346,15,51
190,340,15,50
190,346,15,50
188,343,15,50
186,342,14,49
185,343,14,48
183,344,14,47
182,342,14,47
181,343,14,47
180,343,14,47
179,343,14,47
177,343,14,47
175,342,14,47
173,343,14,47
172,343,14,47
171,342,14,47
170,342,14,47
168,342,14,47
167,342,14,47
167,342,14,47
164,342,14,47
164,341,14,47
161,341,14,47
159,341,14,47
158,340,14,47
157,340,14,47
156,340,14,47
155,339,14,47
154,339,14,47
152,340,14,47
151,339,14,47
150,340,14,47
148,339,14,47
147,340,14,47
146,338,14,47
145,339,14,47
143,339,14,47
142,338,14,47
140,337,14,47
139,337,14,47
138,337,14,47
136,337,14,47
135,336,14,47
134,336,14,47
132,337,14,47
132,337,14,47
131,336,14,47
129,336,14,47
128,336,14,47
127,335,14,47
126,335,14,47
124,334,14,47
124,334,14,47
123,334,14,47
122,334,14,47
121,334,14,47
120,334,14,47
119,334,14,47
118,334,14,47
117,332,14,47
115,333,14,47
114,333,14,47
114,333,14,47
113,331,14,47
112,331,14,47
110,331,14,47
109,331,14,47
108,331,14,47
107,330,14,47
106,330,14,47
105,330,14,47
103,331,14,46
103,331,14,46
103,331,14,46
101,331,14,46
101,330,14,46
98,329,14,46
98,329,14,46
96,329,14,46
96,327,14,46
95,326,14,46
94,326,14,46
93,326,14,46
92,327,14,46
91,327,14,46
90,327,14,46
89,327,14,46
89,326,14,46
88,326,14,46
87,326,14,46
86,326,14,46
85,325,14,46
83,325,14,46
83,325,14,46
81,325,14,46
81,324,14,46
80,324,14,46
78,324,14,46
77,324,14,46
77,324,14,46
76,324,14,46
75,324,14,46
75,324,14,46
73,323,14,46
72,322,14,46
71,322,14,46
70,321,14,46
69,321,14,46
69,322,14,46
69,322,14,46
67,322,14,46
66,322,14,46
66,322,14,46
65,322,14,46
64,322,14,46
63,322,14,46
63,321,14,46
61,321,14,46
61,320,14,46
59,320,14,46
58,320,14,46
57,320,14,46
57,320,14,46
55,320,14,46
55,320,14,46
54,320,14,46
54,320,14,46
52,320,14,46
52,320,14,46
51,320,14,46
50,318,14,46
48,318,14,46
47,319,14,46
47,317,14,46
46,317,14,46
45,317,14,46
44,317,14,46
44,318,14,46
42,317,14,46
42,317,14,46
41,318,14,46
41,317,14,46
40,316,14,46
40,316,14,46
37,315,13,45
37,316,13,44
36,315,13,44
35,315,13,44
35,315,13,44
33,315,13,44