213,121,21,95
213,120,21,95
213,118,21,95
213,117,21,95
213,116,21,95
212,115,21,95
209,114,21,95
209,114,21,95
209,114,21,95
209,114,21,95
212,114,21,95
215,111,21,95
219,111,21,95
220,111,21,95
222,111,21,96
221,110,21,96
222,110,21,96
220,110,21,96
219,110,21,96
217,111,21,96
217,109,21,96
218,108,21,96
216,107,21,96
216,106,21,96
217,105,21,96
219,104,21,96
221,103,21,96
222,102,21,96
221,101,21,96
220,100,21,96
220,100,21,96
221,100,21,96
223,99,21,98
224,99,22,100
225,97,22,100
225,97,22,100
226,97,22,102
227,97,23,104
229,97,23,104
230,98,23,106
231,102,23,108
227,97,23,106
227,99,23,104
227,102,22,103
224,110,22,102
223,110,22,100
224,110,22,100
224,111,22,100
223,112,22,100
221,112,22,100
218,112,22,100
215,112,21,98
211,112,21,98
205,108,21,97
203,106,21,97
203,106,21,97
200,105,21,97
198,105,22,99
198,107,22,101
199,103,22,99
199,105,21,97
202,106,21,96
206,109,20,94
207,111,20,93
211,112,20,93
208,112,20,93
206,112,20,93
207,115,20,93
210,113,20,94
212,113,20,94
218,111,20,94
225,111,20,93
227,107,20,93
228,105,20,93
228,106,20,93
223,103,20,91
217,104,19,90
209,109,19,89
204,110,19,87
201,105,19,87
200,99,19,88
201,94,19,90
202,88,19,90
206,87,20,91
207,84,20,93
208,78,20,91
212,97,20,91
214,102,19,90
214,104,19,88
209,86,19,88
207,93,19,87
207,99,19,87
209,104,19,87
211,105,19,87
210,109,19,87
211,111,19,87
213,120,18,85
214,124,18,84
211,128,18,85
210,132,18,85
209,134,18,84
210,135,18,84
212,138,18,84
213,139,18,84
209,139,18,85
208,138,18,85
205,137,19,86
205,136,19,88
206,134,19,87
206,128,19,87
210,127,19,87
211,126,19,87
212,121,19,85
212,121,18,85
213,119,18,85
215,117,19,85
215,117,18,84
216,117,19,86
212,118,19,86
212,119,19,86
213,121,18,85
217,126,19,86
217,121,18,85
217,120,18,83
219,120,18,83
218,119,18,81
218,120,18,81
221,120,18,81
225,120,18,81
225,123,18,81
227,124,18,82
229,126,17,81
231,127,17,80
233,126,18,81
233,126,18,82
233,126,18,84
229,129,18,84
230,132,18,83
232,129,18,84
233,127,18,83
235,130,18,81
236,131,17,81
238,128,17,79
239,128,17,79
240,128,17,79
242,128,17,79
242,128,17,79
242,126,17,79
240,125,17,79
235,123,17,77
231,123,16,76
234,119,16,75
237,119,16,74
238,118,16,72
237,118,15,71
235,117,15,71
236,116,15,71
237,115,15,71
237,116,15,71
237,116,15,71
237,117,15,71
239,117,15,71
241,117,15,71
242,118,15,70
243,118,15,71
243,117,15,72
242,118,15,72
243,118,15,72
244,118,16,73
243,117,16,74
242,117,16,74
238,117,16,74
235,116,16,74
233,116,16,76
233,116,17,77
230,116,17,78
229,114,17,80
226,111,18,81
225,110,18,83
223,108,18,84
224,104,19,86
224,105,19,87
223,104,19,89
220,101,20,90
219,102,20,90
216,102,20,90
216,101,20,90
217,102,20,90
217,102,20,90
218,103,19,89
218,104,20,90
218,108,20,92
219,110,20,93
219,111,21,95
219,111,21,95
219,108,21,95
221,108,20,93
224,107,20,92
225,105,20,90
223,104,19,89
224,104,19,87
224,104,19,87
221,103,19,88
222,105,19,87
223,106,18,85
218,104,18,85
219,105,18,84
217,105,18,83
214,102,18,82
209,105,18,82
209,107,18,82
210,109,17,80
212,116,17,79
212,126,17,79
213,127,17,78
215,130,17,78
214,133,17,77
214,138,17,77
210,135,17,78
210,137,17,78
212,138,17,78
213,137,16,76
213,136,16,76
212,136,16,76
212,136,16,76
216,138,16,76
218,138,16,76
220,139,16,75
225,140,16,74
223,139,16,74
220,139,16,74
218,142,16,73
213,141,16,73
208,140,16,72
208,141,16,72
209,142,15,71
208,142,15,71
200,146,15,71
200,144,15,71
204,146,15,70
207,147,15,70
207,146,15,71
207,144,15,71
206,146,16,72
206,149,16,72
211,148,15,71
214,148,15,71
218,148,15,71
219,147,16,72
222,143,16,73
226,144,16,72
228,143,15,71
229,142,15,71
229,139,15,71
230,139,15,71
230,136,16,72
230,135,16,72
228,131,15,71
228,131,15,70
228,128,15,69
229,130,15,69
230,130,15,69
226,130,15,70
225,130,15,69
226,130,15,69
223,130,15,69
225,131,15,70
221,132,15,70
217,133,15,70
216,133,15,69
216,134,15,69
215,135,15,69
215,133,15,70
216,134,15,70
214,133,15,70
213,133,15,70
211,132,15,70
207,131,15,70
205,130,15,70
203,129,15,70
199,127,15,70
197,127,15,70
197,125,15,71
196,125,15,71
192,122,15,70
192,121,15,69
188,112,15,67
185,125,15,67
183,124,15,67
180,122,15,69
176,117,15,69
176,109,15,68
178,107,14,66
178,99,14,65
176,96,14,65
177,97,14,64
178,99,13,63
177,102,13,63
177,101,13,63
175,100,13,62
173,98,13,61
171,99,13,60
167,97,13,60
168,97,13,59
166,96,13,58
165,95,13,58
165,97,12,57
164,97,13,58
162,100,13,58
159,102,13,58
156,104,13,58
154,110,13,58
151,109,13,58
151,109,13,60
152,108,13,61
152,108,13,61
153,108,13,62
152,106,14,63
151,105,14,64
150,105,14,66
149,104,14,67
147,102,15,68
146,102,15,68
145,101,15,68
145,102,15,68
145,101,15,70
144,101,15,71
145,101,15,71
144,102,15,71
144,102,16,72
144,105,16,73
145,105,16,75
142,105,16,76
140,106,17,77
142,111,17,77
143,115,17,77
145,115,17,79
149,117,17,79
157,117,17,79
168,117,17,79
175,117,17,79
177,116,17,80
177,115,18,82
177,113,18,83
177,110,18,84
173,105,18,83
171,105,18,85
169,109,18,83
164,109,18,83
158,109,18,85
153,110,18,85
154,111,18,85
154,111,18,85
154,110,18,85
154,111,18,85
154,112,18,85
153,112,18,83
151,113,18,82
149,113,18,82
147,113,18,81
146,113,17,80
144,110,17,79
148,107,17,78
150,103,17,77
150,103,17,78
150,102,17,78
152,100,17,79
158,98,17,79
163,97,17,78
163,98,17,76
166,101,16,76
168,105,16,76
168,109,17,76
168,115,16,75
170,120,16,74
170,126,16,73
171,131,15,71
174,129,15,70
175,123,15,70
173,134,15,71
173,136,15,71
172,139,15,71
169,141,16,72
165,141,16,73
164,141,16,73
164,137,16,75
164,130,16,75
163,109,16,75
163,104,16,75
163,100,16,75
163,97,16,75
165,93,16,73
167,91,16,72
171,88,16,72
174,87,16,72
175,88,16,72
175,90,16,72
174,92,15,71
175,96,15,71
172,101,15,70
170,107,15,70
169,113,15,70
164,117,15,70
161,120,15,72
157,125,16,72
153,130,15,72
146,133,15,72
145,134,15,72
142,137,15,72
148,137,15,72
151,137,16,73
152,135,16,74
154,130,16,75
156,125,16,74
155,124,16,74
155,122,16,76
156,114,16,76
159,113,17,77
161,113,17,77
163,111,17,78
165,109,17,80
164,95,17,78
165,97,17,78
166,105,17,80
167,102,17,80
167,101,18,81
167,102,18,81
167,102,18,83
164,103,18,82
162,103,18,82
158,103,17,80
159,103,17,80
158,103,17,80
155,103,17,80
154,103,17,80
151,101,18,81
149,99,18,83
147,98,18,84
146,96,19,86
146,95,19,87
147,89,19,89
148,86,20,90
149,81,20,90
150,78,20,90
150,77,20,90
151,77,20,90
153,77,20,90
155,77,20,90
161,77,20,90
167,80,20,90
170,84,19,89
171,90,19,89
172,94,19,89
173,100,19,88
174,104,19,88
174,105,19,88
174,106,19,86
175,107,18,85
174,109,18,84
173,109,18,84
173,109,18,84
173,109,18,84
170,107,18,84
169,107,18,84
169,107,18,84
169,115,19,86
169,110,19,87
170,105,19,87
169,108,19,86
168,109,18,84
154,118,18,83
155,122,18,82
155,124,17,80
157,125,17,79
159,125,17,77
159,127,16,76
160,128,16,75
161,129,16,74
161,130,16,72
160,129,15,71
161,128,15,71
162,125,15,71
161,124,15,71
161,122,15,71
162,118,15,71
162,118,15,71
162,116,16,72
162,111,16,72
163,107,16,72
167,107,16,72
170,106,16,72
171,104,16,72
173,103,16,72
173,101,16,72
172,100,16,72
170,100,16,72
171,99,16,72
171,99,16,73
173,100,16,73
173,101,16,73
173,102,16,73
173,102,16,73
174,102,16,73
176,101,16,73
175,101,16,73
176,100,16,73
176,98,16,74
176,96,16,75
173,95,16,76
172,95,16,76
169,94,16,76
165,95,16,76
163,95,16,76
162,95,16,76
160,94,16,76
159,94,16,76
156,94,16,76
152,94,16,76
149,94,16,76
147,93,16,76
145,92,16,76
145,92,16,76
145,93,16,76
145,92,17,78
142,92,17,77
142,92,16,76
140,93,16,74
140,93,16,73
138,93,16,73
137,93,16,73
137,93,16,73
138,93,16,73
139,96,16,75
139,100,16,75
140,105,16,75
142,110,16,76
146,115,16,76
152,119,16,76
161,124,16,75
162,124,16,75
162,126,16,75
161,125,16,75
159,122,16,75
157,118,16,75
157,116,16,76
158,111,16,76
159,107,16,76
158,102,16,76
159,102,16,76
159,103,17,77
159,99,16,76
156,97,16,75
156,98,16,75
151,92,16,75
146,93,16,74
140,91,16,75
135,89,17,77
131,82,17,77
124,77,17,78
113,73,17,78
124,53,17,78
112,46,17,78
118,45,17,77
125,50,16,75
117,56,16,75
112,66,16,75
108,72,16,74
116,70,16,75
77,89,17,77
77,90,17,78
74,95,17,78
73,97,17,78
68,105,17,78
73,120,17,78
82,125,17,79
85,131,17,79
80,147,17,79
71,162,17,79
61,173,17,79
55,179,17,80
51,181,17,80
49,182,17,79
45,183,17,79
44,183,17,79
47,178,17,79
53,175,17,80
58,170,17,80
64,167,18,81
73,166,18,81
79,168,18,82
81,168,18,82
85,171,18,82
85,178,18,82
82,183,18,82
81,185,18,82
83,188,18,83